2.72651
2.73004
2.73234
2.72566
2.75278
2.73966
2.77825
2.67348
2.70348
2.69515
2.69883
2.67191
2.71401
2.69463
2.69387
2.71123
2.69419
2.71751
2.48096
2.71703
2.80249
3.20007
2.64545
2.73887
2.72494
2.77067
2.73984
2.72533
2.74062
3.14302
2.96893
3.09396
3.27244
3.18575
2.97843
3.29262
2.74402
2.7448
2.69136
2.72418
2.73367
2.74164
2.74775
2.74162
2.73259
2.74293
2.72682
2.73294
2.7274
2.70016
2.65911
2.64353
2.69149
2.6793
2.65778
3.28184
2.67767
2.95828
3.26741
2.70631
2.66861
3.22382
2.89307
2.73885
2.70433
2.70637
2.79191
2.73686
3.29573
2.65716
2.75601
2.69908
2.89994
2.48689
2.73286
2.68523
2.65081
2.65688
2.66395
2.67359
2.6874
2.76771
2.76609
2.71464
2.70542
2.73282
2.73964
2.73038
2.70409
2.65209
2.74633
2.77033
2.69806
2.69051
2.79709
2.7356
2.74004
2.74626
2.77062
2.71951
2.75394
2.66741
2.73675
2.7194
2.88385
2.80746
2.69883
2.64436
2.63427
2.70771
2.70279
2.66701
2.64912
2.70629
2.74046
2.77007
2.73605
2.72842
2.72944
2.73487
2.79991
2.66189
3.29068
2.88834
2.70494
2.75783
2.73661
2.76435
3.2436
2.89224
3.07837
2.73913
2.72035
2.70665
2.73402
2.66618
2.71863
2.78033
2.73008
2.72407
2.72905
2.74764
2.74868
2.73693
2.86873
2.71979
2.6978
2.70213
2.71108
2.68631
2.67268
2.53651
2.5707
2.63704
2.53339
2.66548
2.72615
2.76943
2.72412
2.73927
2.75254
2.76835
2.91679
2.92347
3.1288
2.70399
3.04581
3.2322
3.0817
3.2258
2.61131
2.73345
2.7225
2.7453
2.44507
2.86228
2.72288
2.75585
2.66339
2.71384
2.72177
2.69437
2.66332
2.45474
2.33667
2.3603
2.72885
2.4821
2.70516
2.75693
2.69744
2.73841
2.70232
2.73841
2.74967
2.64361
2.7285
2.76143
2.72093
2.70576
2.6326
2.68601
2.71806
2.63128
3.39452
2.57096
2.75832
2.67413
2.62654
2.65272
2.75774
2.60582
2.78847
2.75435
2.68263
2.76417
2.72659
2.70788
3.27621
2.77038
2.74753
2.77287
3.30877
2.76985
3.00011
2.7983
2.65372
2.6578
2.72304
2.67308
2.7628
2.72772
2.74774
2.62872
2.59485
2.67254
2.57489
2.67531
2.73965
2.38562
2.7058
2.22727
2.78072
3.2236
2.72859
2.7107
2.74832
2.73431
2.7227
2.69702
2.74325
2.72922
2.73399
2.97427
2.75419
2.60407
2.81176
2.93989
2.79762
2.67833
2.73646
2.71674
2.69084
2.72903
2.65947
2.71387
2.71385
2.71302
2.6945
2.71928
2.70567
2.70275
2.67486
2.70416
2.77492
2.47087
2.76789
3.2773
2.81203
3.23927
2.76127
2.71862
2.64221
3.29191
2.81489
3.27806
2.68184
2.52777
2.94215
2.70696
2.47553
2.70528
2.90058
2.56511
2.65576
2.69738
2.69342
3.0427
2.67814
3.22745
2.67586
2.66851
2.92189
2.61582
2.67365
2.67752
2.70908
2.70515
2.77007
2.77809
2.75161
2.7383
2.74003
2.73551
2.76591
2.60424
2.58818
2.91537
2.57798
2.66835
3.00191
2.70195
2.74854
2.62654
3.38357
2.7205
2.62047
2.66429
2.6849
2.67744
2.74323
2.67493
2.68964
2.69938
2.66223
2.69972
2.60624
2.72588
2.66284
2.72357
3.20975
2.71406
2.76258
2.65361
2.74798
2.48923
2.72745
3.57267
2.72943
2.34717
2.66971
2.47937
2.18899
2.74384
2.67638
2.70068
2.69498
3.24968
2.77579
2.67853
2.44434
2.33844
2.50466
3.59876
2.36759
2.21207
2.6983
2.74103
2.69427
2.71574
2.72539
2.70004
2.78883
3.36
2.62486
2.71596
2.67327
2.67308
2.75589
2.75861
2.32365
2.19663
3.37097
2.67387
3.20308
3.5837
2.94821
2.6838
3.0771
3.11281
2.45461
2.69919
2.98632
3.60431
3.23397
2.44813
3.60706
2.47955
2.89805
2.50665
2.35193
2.91818
2.22443
2.708
2.70854
2.78949
2.63927
2.66681
2.9931
2.49636
2.93033
2.35829
2.47593
2.19428
2.31907
2.71834
2.66545
2.7785
2.65427
2.82431
2.79628
2.86669
2.72581
2.68862
2.7177
2.69151
2.96619
2.6324
2.74269
2.71867
2.9259
2.7414
2.77721
2.72595
2.71064
2.79194
2.72049
2.672
2.67773
2.5393
2.70928
2.60803
2.76787
2.63682
2.76221
2.77188
2.7125
2.67687
2.70915
2.65531
2.65512
2.6811
2.66044
2.69157
2.7026
2.70679
2.66549
2.65443
2.69457
2.6854
2.68454
2.7175
2.71311
2.72646
2.71385
2.69027
2.67928
2.70007
2.65966
2.70579
2.69287
2.69961
2.75232
2.71353
2.70254
2.71074
2.71003
2.69797
2.69788
2.70939
2.68066
2.69126
2.70775
2.73002
2.70175
2.70102
2.69752
2.68825
2.68617
2.7037
2.70606
2.78721
2.64081
2.57655
2.67318
2.69536
2.67768
2.92246
3.2819
2.96282
2.46621
3.26845
2.69405
2.74766
2.74315
2.81761
2.74372
2.74526
2.75194
2.6589
3.14651
2.65737
2.82019
2.74795
2.79804
2.54185
2.74805
3.16746
2.66407
2.67361
3.28302
2.76084
2.66835
2.68285
2.63378
2.80811
2.72584
2.7649
2.77233
2.83783
2.74156
2.74952
2.71606
2.7523
2.74976
2.74542
2.8047
2.75192
2.70929
2.76215
2.77373
2.70999
2.73005
2.80341
2.7499
2.75688
2.7298
2.73256
2.71411
2.74513
2.73725
2.62263
2.76559
2.74967
2.80208
2.72249
2.75003
2.76416
2.77308
2.74334
2.73804
2.76522
2.74911
2.77868
2.76506
2.72698
2.74593
2.76027
2.77028
2.74942
2.76203
2.73887
2.76816
2.76058
2.78064
2.77585
2.75038
2.76627
2.73381
2.79009
2.76059
2.75306
2.76058
2.73557
2.83551
2.76942
2.75154
2.75077
2.75356
2.75567
2.79936
2.74437
2.73755
2.7526
2.76223
2.71483
2.78279
2.79087
2.77208
2.73122
2.62071
2.59471
2.54205
2.99024
2.6888
2.69474
2.64078
2.60232
2.72599
2.88302
2.77842
2.9439
2.72184
2.72042
2.95446
2.74171
2.74649
2.77685
2.76199
2.74597
2.75012
2.7454
2.73621
2.74202
2.75356
2.79121
2.8989
2.65498
2.67704
2.93574
2.79174
2.68048
2.69377
2.61392
2.72317
2.87079
2.57232
2.5141
2.70314
2.68931
2.74807
2.73859
2.72737
2.93601
2.7481
2.77619
2.7556
2.71891
2.73675
2.73542
3.37983
2.67364
2.32918
2.20925
2.69027
2.64514
2.78226
2.66753
2.64545
2.58062
2.49356
2.86083
2.71575
2.62527
2.713
2.69952
2.70834
2.6796
2.691
2.74524
2.69199
2.70785
2.6866
2.9176
2.64278
2.70672
3.21215
2.69295
2.69318
2.70704
2.74988
2.71392
2.72771
2.75935
2.66903
2.73604
2.71076
2.70621
2.72576
2.83089
2.73516
2.73005
2.71488
2.71426
2.76897
2.73341
2.72306
2.72975
2.7762
2.78584
2.77613
2.76399
2.73648
2.74387
2.69228
2.72475
2.70301
2.712
2.73827
2.71349
2.66392
2.74465
2.69254
2.61529
2.68534
2.67606
2.71762
2.70491
2.77561
2.73757
2.71102
2.75994
2.76489
2.42332
3.09346
2.55824
2.92849
2.58489
3.13205
2.66591
2.89581
3.0997
2.88493
2.66355
3.24297
2.61001
2.65787
2.63407
3.25414
2.67466
2.93495
2.77297
2.59399
2.82206
2.77042
2.71852
2.77384
2.71315
2.66858
2.78175
2.74095
2.73925
2.73381
2.74078
2.73361
2.70932
2.73427
2.73546
2.76499
2.77019
2.73361
2.72998
2.73891
2.74988
2.71065
2.69483
2.75145
2.47857
2.18366
3.57384
2.71873
2.75068
2.88597
2.7329
2.68935
2.69832
2.67227
2.70042
2.6912
2.7332
3.10773
3.32596
2.82536
2.75513
2.92037
3.31779
2.7451
2.6583
2.6821
2.67287
2.74653
2.69372
2.64352
2.46429
2.63785
2.68638
2.68048
2.59975
2.48636
2.73147
2.69137
2.69702
2.73574
2.73367
2.70511
2.72664
3.24989
2.90309
2.80637
2.70859
3.28151
2.73841
2.73196
2.70974
2.71246
2.7242
2.70579
2.7201
2.72203
2.68059
2.74179
2.72755
3.37551
2.75153
2.72546
2.6692
2.71186
2.76944
2.67887
2.74123
2.71155
2.63402
2.73672
3.25805
3.06418
2.75002
2.64059
2.7117
2.72036
2.76396
2.70171
2.74177
2.69561
2.68465
2.72099
2.70189
2.7208
2.68106
2.71218
2.6827
2.73165
2.72049
2.7414
2.74705
2.77378
2.69968
2.63603
2.71106
2.17586
2.86994
2.73563
3.18749
2.47841
2.20388
2.72851
3.21057
2.653
2.32906
2.44707
2.67308
2.72931
2.70401
2.71531
2.68333
2.68838
2.69589
2.5042
2.20744
2.37637
2.89213
2.72594
2.34447
2.67344
2.3607
2.31225
2.1846
3.11718
2.46984
2.75763
2.7318
2.73136
2.7467
2.75353
2.73473
2.72891
2.74566
2.659
2.73574
2.90329
2.74473
2.72206
2.68112
2.75064
2.80301
2.78491
2.72285
2.75626
2.82304
2.78802
2.74993
2.60855
2.65536
2.49523
3.20378
3.31406
2.70298
2.75088
2.78457
3.21179
2.68119
2.71325
2.6642
2.69245
2.79017
2.72026
2.7308
2.79493
2.74996
2.70259
2.73516
2.69507
2.69803
2.69197
2.68125
2.75594
3.00203
2.81303
2.86972
2.72653
2.75171
2.70932
2.72046
2.70605
2.74533
2.71698
2.72632
3.31186
2.69861
2.64553
2.59282
2.69955
2.72301
2.68292
2.60799
2.78007
2.84495
2.72527
2.67243
3.23982
3.21274
2.47462
2.75981
2.81308
3.28585
2.65348
3.29829
2.76986
2.7475
2.72728
2.7476
2.77793
2.72707
3.34551
2.73496
2.69071
2.65586
2.70193
2.73246
2.75514
2.7265
2.75097
2.73842
2.74436
2.71033
2.72575
2.73685
2.70792
2.70875
2.74695
2.74027
2.75314
2.75295
2.72507
3.12807
2.43902
2.9343
3.59278
2.20075
2.89216
2.44343
2.19545
3.58145
2.32536
2.96474
2.677
2.76424
2.74486
2.72229
2.7857
2.7185
2.70469
2.74776
2.1694
2.83929
2.73473
2.29712
3.56657
2.74701
2.90584
2.8128
3.24365
2.75137
2.86385
2.73634
2.7085
2.70628
2.70625
2.68471
2.72024
2.65488
2.6977
2.65283
2.76462
2.77793
2.70863
2.7503
2.88234
3.33711
2.73354
2.68077
2.75171
2.7241
2.65663
2.71429
2.71012
2.79823
2.72154
3.27321
2.73413
2.76816
2.7487
2.72963
2.72659
2.71327
2.71205
2.72783
2.68975
2.80502
2.67595
2.73231
2.67384
2.72741
2.73464
2.75934
2.78811
3.60248
2.37587
2.65809
2.67591
2.66659
2.73039
2.70104
2.68156
2.4479
2.44544
2.62115
2.28847
2.16471
3.55298
2.88137
2.72176
2.69772
2.74609
2.68954
2.74591
2.71531
2.70217
2.69082
2.73392
2.84342
2.71376
2.57315
2.73429
2.69715
2.85091
2.70111
2.58085
3.00958
2.70909
2.61925
2.62969
2.67578
2.69226
2.72609
2.69574
2.74101
2.73735
2.74256
2.74151
2.7572
2.75294
2.73344
2.78344
2.73656
2.68911
2.75305
2.72418
2.70459
2.75643
2.69062
2.73569
2.78914
2.70253
2.72804
2.71439
2.76753
2.72755
2.6859
2.61716
2.70276
2.70644
2.7223
2.70176
2.70518
2.70384
2.70688
2.72578
2.7611
2.74372
2.74616
2.38009
2.66795
2.72751
2.49277
2.21292
2.72438
2.50778
2.8021
2.45803
2.61538
3.00772
2.59009
2.71202
2.71737
2.68216
2.74731
2.53932
2.67318
2.58796
2.76391
2.54951
2.72416
3.34156
2.67845
2.68854
2.71582
2.71116
2.69357
2.61906
2.72628
3.25692
2.7481
2.75755
2.72362
2.72473
2.72067
2.75629
2.76326
2.74494
2.80205
2.71126
2.7372
2.75071
2.77333
2.77228
3.28255
2.78479
2.72795
2.75527
2.71966
2.73442
2.72785
2.73467
2.72721
2.72514
2.68198
2.67807
2.66344
2.65347
2.63106
2.72174
2.67435
2.68459
2.65305
2.66789
2.69121
2.61102
2.78063
2.60146
3.09422
2.65985
2.18764
2.58543
2.70892
3.56236
3.56757
2.30097
2.69162
2.68435
2.6932
2.70547
2.7128
2.675
2.68336
2.71561
2.67824
2.68597
2.80185
2.67724
3.25403
2.7311
3.20386
3.23542
2.72856
2.92866
2.59326
2.82415
2.62225
3.13956
2.73452
2.73394
2.53186
2.64574
2.75311
2.67582
2.73605
2.70449
2.6986
2.77446
2.77446
2.78969
2.80037
2.71144
2.70402
2.76937
2.70402
2.71144
2.80037
2.78969
2.71203
2.59595
2.64283
2.70021
2.6715
2.60669
2.72575
2.85632
2.71599
2.68409
2.59166
3.28475
3.26069
3.22764
2.74186
2.67604
2.6967
2.68737
2.69979
2.72253
2.74114
2.73718
2.79709
2.78495
2.7797
2.62076
2.73607
2.70104
2.75542
2.75576
2.78717
2.74458
2.73893
2.73095
2.71959
2.61195
2.94094
3.02328
2.59331
2.62028
2.49
2.67806
2.80076
2.67911
3.30111
3.28969
2.97486
3.18706
3.10531
2.67781
2.69544
2.60011
2.477
2.82269
2.65811
3.28969
2.74152
2.7413
2.72642
2.89547
2.67861
2.71739
2.73246
2.70358
2.74474
2.6506
2.70568
2.6664
2.69506
2.68048
2.71321
2.69714
2.69899
2.96032
3.2657
2.50398
2.68589
3.23197
2.54964
2.77651
2.71227
2.78447
2.7346
2.7608
2.71727
2.75879
2.62361
2.69788
2.71837
2.98102
2.62159
2.66212
2.78175
2.7543
2.63707
3.5851
3.57621
2.64846
2.19033
2.31929
2.66915
2.71381
2.71025
2.73562
2.72259
2.87423
2.6764
2.30392
2.65512
3.56478
2.33641
2.17338
3.56428
2.67275
2.70822
2.66443
2.68324
2.65364
2.678
2.66286
2.70452
2.71003
2.72638
2.73198
2.73584
2.72553
2.70082
2.71505
2.69308
3.27288
2.71952
2.73256
2.74647
2.6929
2.71518
2.70237
2.7117
2.7138
2.7192
2.69639
2.71813
2.95378
3.23513
2.74595
2.7096
2.70803
2.69498
2.73406
3.26507
3.28172
2.71958
2.75082
2.69132
3.34194
2.76747
2.71729
2.71175
2.63842
2.61433
2.6737
2.72715
2.74534
2.16733
2.29261
2.57304
2.41266
2.67304
3.54858
2.73945
3.57273
2.66426
3.23186
2.69596
2.18239
2.73204
2.69048
2.76823
2.73044
2.74122
2.70562
2.65252
2.67978
2.70101
3.25109
2.76331
2.71545
2.674
2.72118
2.63341
2.69849
2.67632
2.62051
2.69522
2.47312
2.68154
2.34823
3.61089
2.72771
2.89369
2.61652
2.67749
2.66488
2.71205
2.6768
2.64158
2.68532
2.69708
2.67016
2.70176
2.78501
2.61951
3.26848
2.74185
2.87005
2.73211
2.70612
2.67633
2.7103
2.6732
2.73367
3.00487
2.82989
2.75667
2.77652
2.71192
2.15233
2.43539
2.30802
2.62322
3.32349
2.8362
2.60622
3.541
2.69031
3.26402
2.67285
2.76241
3.24232
2.75594
2.63402
2.70677
2.68481
2.69958
2.70575
2.72717
2.72206
2.65779
2.69881
2.70268
2.65779
2.67363
2.73388
2.73725
2.73432
2.74867
2.70428
2.71223
2.731
2.70535
2.72963
2.72223
2.72693
2.76584
2.71002
2.71067
2.73412
2.6984
2.70785
2.70193
2.70838
2.6834
2.72994
2.73435
2.78227
2.72625
2.75486
2.72794
2.69547
2.72576
2.7529
2.72494
2.69319
2.78278
2.74059
2.7142
2.70806
2.72949
2.70624
2.70892
3.20408
2.19698
2.49065
2.3591
2.70993
2.76073
3.12238
3.58014
2.80962
2.7156
2.71086
2.67884
2.66335
2.73521
2.70874
2.69815
2.70633
2.63325
2.70934
2.66155
2.76942
2.71724
2.70841
2.75699
2.71647
2.70064
2.91745
2.76431
2.68628
2.73349
2.85163
2.77012
2.71842
2.67872
3.21306
2.68122
3.32838
2.70375
2.76849
2.73382
2.71891
2.77983
2.71078
2.72687
2.72143
2.74595
2.73035
2.50221
2.69471
2.71461
3.29446
2.69282
2.86911
2.7443
2.79854
2.733
3.55997
2.6256
2.46133
2.33578
2.2985
2.17077
3.18363
2.7582
2.76036
2.75306
2.72474
2.74362
2.73027
2.77517
2.76653
2.73012
2.69604
2.77119
2.75967
2.73022
2.71762
2.70394
2.73181
2.7565
2.74663
2.73479
2.72451
2.71178
2.72525
2.72244
2.73891
2.74153
2.72294
2.74266
2.75721
2.74422
2.72811
2.70116
2.78133
2.79139
2.70424
2.73359
2.77346
2.74306
2.73566
2.6713
2.67863
2.73365
2.70772
2.7024
2.68494
2.69223
2.73371
2.75492
2.74674
2.75225
2.74431
2.87061
2.76123
2.74305
2.74045
2.75196
2.73598
2.71102
2.70438
2.76625
2.71343
2.87179
2.69805
2.77505
2.69834
2.72768
2.75164
2.67249
2.69871
2.7645
2.77278
2.75912
2.75917
2.75083
2.75917
2.79118
2.78637
2.75083
2.75915
2.75915
2.74363
2.74603
2.62732
2.7346
2.74806
2.71214
2.67449
2.67262
2.68002
2.69399
2.60838
2.72924
3.08891
2.71983
2.3175
2.64782
2.7527
3.5756
2.47788
2.19204
2.69675
2.68097
2.66782
2.72513
2.75894
2.70381
2.75142
2.90867
2.77938
2.70351
2.81716
2.66651
2.6963
2.77592
2.70471
2.71855
2.72383
2.76985
2.6716
2.66019
3.02914
2.52411
2.69458
2.77543
2.66389
2.73716
2.74006
2.70628
2.72064
2.70381
2.62872
2.75487
2.75792
2.45429
2.43444
3.59023
2.48389
2.65379
2.19885
2.68328
2.72643
2.59431
2.68934
2.71739
2.72243
2.70273
2.69749
2.72569
2.72548
2.64994
2.70008
2.70041
2.61367
2.71949
3.26426
2.57786
3.19728
3.27352
3.22765
2.71405
2.62818
2.4531
2.80283
2.63746
2.69883
2.6624
2.69225
2.70755
2.67015
2.74412
2.9025
2.95864
2.70951
2.93091
2.92702
2.74439
2.96025
2.71144
2.67372
2.71787
2.69107
2.74607
2.7051
2.68213
2.79206
3.31998
2.69886
2.70765
2.69306
2.6695
2.74905
2.6662
2.66143
2.70396
2.82383
2.72169
2.59693
2.75062
2.77688
2.71048
2.63453
2.60614
2.71106
2.71632
2.71647
2.72818
2.73149
2.70629
2.63618
2.73149
2.48063
2.75366
2.72989
2.7067
2.73249
3.09305
3.30195
3.31358
2.90487
3.2566
2.68566
2.73304
2.75854
2.7273
2.47709
2.43875
3.11608
2.19057
2.31963
2.71495
2.65661
2.69334
2.69823
2.68095
2.69209
2.67558
2.70874
2.71345
2.7235
2.70286
2.72864
2.69098
2.68919
2.68967
2.68588
2.68348
2.74642
2.69278
2.68904
2.78309
2.73607
2.66483
2.72925
2.7264
2.78633
2.70892
2.697
2.72083
2.72974
2.74859
2.87934
3.2968
2.81461
2.65189
3.28172
2.74107
2.69475
2.70952
2.71267
2.73654
2.68332
2.74052
2.72194
2.70081
2.76368
2.77151
2.74963
2.93657
2.35023
2.21617
2.50199
2.73426
2.67128
2.6959
2.66071
2.66189
2.4186
2.71901
2.70446
2.66735
2.69003
2.65156
2.666
2.68974
2.62116
2.63358
2.71339
2.65271
2.66735
2.66189
2.66071
2.7152
2.74384
2.66688
2.65912
2.67227
2.71774
2.66177
2.5879
2.71664
2.70532
2.69235
2.66681
2.47678
2.35313
3.58103
3.58281
2.18529
2.31616
2.66218
2.69275
2.68693
2.69103
2.70838
2.6719
2.68544
2.67778
2.72547
2.71836
2.72367
2.74673
2.71606
2.71592
2.71495
2.70714
2.72504
2.75886
2.73218
2.73292
2.7507
2.71653
2.74971
2.6943
2.71913
2.70499
2.72621
2.71423
2.72254
2.75948
2.71252
2.73168
2.73931
2.72263
2.67388
2.73085
2.70374
2.66782
2.69847
2.71457
2.69645
2.72308
2.70902
2.72261
2.83962
2.68712
2.76038
2.71278
2.66501
2.77349
2.7422
2.72983
3.34574
2.17179
2.30108
2.47468
2.45309
2.61859
2.70093
2.75001
2.69332
2.75552
2.72027
2.81499
2.77109
2.76766
2.73169
2.77925
2.76786
2.75603
2.78993
2.81777
2.7652
2.76814
3.13096
2.80729
2.72822
2.72907
2.7556
2.75737
2.77524
2.79855
2.75558
2.73789
2.74126
2.75571
2.76548
2.77463
2.74761
2.73733
2.69817
2.71855
2.73749
2.657
2.69282
2.6931
2.66538
2.71819
2.68399
2.69646
2.73106
2.72215
2.68972
2.72389
2.70202
2.74484
2.74381
2.71015
3.28543
2.63915
2.75641
2.68662
2.80038
2.75596
3.27111
2.45761
2.73712
2.68196
2.65883
2.89674
2.67399
2.72219
2.70584
2.73679
2.70369
2.75785
2.71475
2.65451
2.65247
2.74703
2.73625
2.74351
2.66951
2.74344
2.74917
2.73949
2.74047
2.80887
2.71951
2.79897
2.76318
2.68028
2.71237
2.72004
2.72035
2.71218
2.73943
2.6686
2.67897
2.68035
2.69671
2.70646
2.72004
2.72035
2.71218
2.69843
2.69198
2.73959
2.73411
2.72193
2.72265
2.72336
2.6799
2.72424
2.71237
2.7169
2.79412
2.71956
3.27185
3.29197
2.68573
2.7312
3.25281
3.19709
3.18076
2.65613
2.55522
3.2456
2.6075
2.77583
2.66497
2.84114
2.67383
2.66279
2.72446
2.68876
2.77646
2.72631
2.71089
2.76341
2.731
2.67116
2.68888
2.68584
2.662
2.71204
2.76852
2.75485
2.69674
2.70065
2.73349
2.66873
2.68868
2.68942
2.70096
2.71247
2.73588
2.71197
2.71969
2.7356
2.73251
2.7231
2.7192
2.73654
2.72574
2.71288
2.72193
2.71308
2.73603
2.69001
2.61546
2.6723
2.71058
2.59831
2.69873
2.76181
2.82298
3.03384
2.59984
2.73935
2.72495
2.72377
2.73544
2.7231
2.71974
2.78184
2.66396
2.7403
2.70651
2.73145
2.70397
2.72455
2.69769
2.69403
2.68981
2.5744
2.72075
2.73342
2.69281
2.73745
2.75495
2.68334
2.6979
2.79194
2.70899
2.7065
2.69281
2.63123
3.095
3.2917
3.27782
2.73718
3.18179
2.72271
2.71453
2.93044
2.97787
3.17919
2.73307
3.27613
3.28735
3.13391
2.68363
2.68821
2.66227
2.70605
2.69788
2.6611
2.76155
2.75281
2.94418
2.84234
2.73025
2.76055
2.7664
2.65864
2.68909
2.72248
2.78069
2.67679
2.74202
2.7613
2.78931
2.70146
2.59175
2.71013
2.66919
2.69053
2.74166
2.42783
2.41137
2.45768
2.29775
2.71294
2.16692
2.69076
2.75901
2.68669
2.51443
2.6282
2.58949
2.78171
2.70034
2.71147
2.74574
2.72144
2.70414
2.7067
2.51431
2.49169
2.88807
2.52885
2.70134
2.68692
2.68347
2.66603
2.68997
2.71382
2.33382
2.30383
2.65498
2.63088
2.40668
2.17602
2.67934
2.76577
2.6656
2.71229
2.64488
2.60572
2.61622
2.71991
3.27017
2.71738
2.71097
2.69279
2.75349
3.23969
3.25457
3.30659
2.71521
2.73083
3.09357
3.30236
2.6851
2.72477
2.77052
2.73591
2.69862
2.64422
2.64284
2.75625
2.75304
3.29396
2.71821
3.30744
3.09209
2.74234
2.76619
2.65374
2.73737
2.6797
2.52891
2.50494
2.22873
2.9195
2.61635
3.25487
3.26878
2.78507
2.44368
2.69921
2.7064
2.69443
2.73535
2.70331
2.71226
2.70463
2.67591
2.65944
2.7152
2.70721
2.66555
2.6176
2.7033
2.70551
2.68191
2.67927
2.7173
2.77914
2.73778
2.79232
2.74913
2.72462
2.58381
2.73987
2.7153
2.69384
2.71543
2.65146
2.70233
2.70783
3.17264
2.56381
2.61322
2.38649
3.54811
2.15913
2.68036
2.69749
2.44272
2.81942
2.72783
2.47502
3.19287
2.63238
2.68862
2.58454
2.14876
2.71506
2.60168
2.43658
3.16173
3.19879
2.69637
2.66815
2.66038
2.72528
2.69329
2.72647
2.74682
2.71882
2.7925
2.66688
2.76567
2.92575
3.15269
2.60699
2.69568
2.73774
2.75983
2.75675
2.80486
3.27955
2.6382
2.46381
2.80148
3.2625
2.63075
2.7036
2.71245
2.76557
2.72442
2.71786
2.71921
2.76009
2.7076
3.08791
2.62488
2.16435
2.65105
2.44733
2.30345
2.43712
2.77615
2.76484
2.45973
2.20555
2.69422
2.75169
2.65811
2.62215
2.58884
2.6947
2.79867
2.73745
2.72941
2.67116
2.70361
2.66724
2.69745
2.73824
2.68803
2.66322
2.70534
2.6877
2.74689
2.62047
2.715
2.73121
2.86221
2.7056
2.77383
2.69697
2.73551
2.69273
2.66339
2.6819
2.7207
2.67382
2.69652
2.80325
2.68652
2.66374
2.64782
3.03803
2.54022
2.66895
2.68969
2.81618
2.67633
2.68919
2.72558
2.68517
2.71031
2.71146
2.70166
2.71944
2.72078
2.72068
2.69351
2.72032
2.73891
2.72727
2.69033
2.93702
2.43912
2.89601
2.61766
2.67763
2.91546
2.69792
3.24364
2.71068
2.70944
2.63112
2.69575
2.76613
2.82237
2.67667
2.70877
2.6771
2.71855
2.83502
2.79886
2.80724
2.72895
2.77323
2.78981
2.70643
2.69881
2.7453
2.7739
2.73349
2.73537
2.77382
2.7369
2.75445
2.72365
2.68992
2.69813
2.70783
2.70275
3.27923
2.75445
2.83452
2.50727
2.6888
2.71796
2.80874
2.73493
2.74278
2.61534
2.72016
2.71443
2.6947
2.92278
2.75238
2.74238
2.75118
2.75304
2.73739
2.75014
2.73248
2.76117
2.73191
2.74437
2.72365
2.73737
2.77796
2.75211
3.17037
2.95971
2.65354
2.46913
3.0847
2.72162
2.68897
2.71136
2.68863
2.67484
2.65427
2.79688
2.63676
2.71748
2.73222
2.73852
2.64736
2.73517
2.65027
2.71574
2.7212
2.74558
2.72771
2.64296
2.7328
2.88127
2.70881
2.71017
2.699
2.69905
2.68803
2.72278
2.71003
2.77346
2.81417
2.65556
2.75744
2.71714
2.71223
2.69895
2.72849
2.73697
2.71333
2.72048
2.71648
2.75408
2.77512
2.76361
2.7529
2.75799
2.75059
2.67821
3.25718
2.69735
2.5821
2.68047
3.26677
2.69937
2.69309
3.21946
2.86725
2.17479
2.95199
2.30403
3.34912
3.56451
2.66082
3.56594
2.67072
2.73019
2.67738
2.69265
2.68138
2.68716
2.66294
2.75095
2.66837
2.67984
2.67175
2.6713
2.70985
2.73826
2.97739
3.18925
2.77582
2.47525
2.63413
2.68881
2.59025
2.71645
2.48655
2.18515
2.3167
2.42196
2.69847
2.73369
2.7595
2.6992
2.74038
2.73295
2.67125
2.69866
2.74306
2.95796
2.69109
2.69971
2.60208
2.71602
2.71515
2.63479
2.8851
2.8549
2.88377
2.70566
2.78803
2.45856
2.74308
2.74224
2.70904
2.6986
2.70529
2.73217
2.69684
2.77881
2.71581
2.72302
2.71222
2.69182
2.72061
2.74447
2.72107
2.69168
2.73773
2.7065
2.73904
2.66271
2.67515
2.75386
2.65558
2.69318
2.76457
2.45274
2.69849
3.60224
3.21844
2.76475
2.20795
2.72663
2.72326
2.6471
2.72817
2.73108
2.72255
2.74646
2.40582
2.45891
2.34105
2.17663
2.73084
2.4653
2.78559
2.75248
2.78196
2.80407
2.76316
2.7568
2.72248
2.68958
2.72982
3.27096
2.72703
2.70262
2.71665
2.71137
2.69259
2.691
2.73814
2.70097
2.70927
3.24446
3.28269
2.70909
2.74845
2.69715
2.77751
2.76478
2.74819
2.70406
2.77675
2.73632
2.73837
2.7493
2.6252
2.69874
2.75308
2.72935
2.80826
2.79501
2.79929
2.81334
2.81011
2.8416
2.67505
2.68328
2.73897
2.72178
2.71239
2.78838
2.5361
2.69267
2.79684
2.63375
2.73621
2.70444
3.08352
3.21462
3.23024
2.91518
2.87663
3.0271
2.42797
3.57095
2.17563
2.30964
2.62498
2.45909
2.77798
2.67785
2.78257
2.72427
2.69263
2.68264
2.90992
2.6763
2.72803
2.78036
2.66986
2.69257
2.77927
3.26883
2.80665
2.45643
2.87799
2.75436
2.71575
2.68757
2.73539
2.6925
2.753
2.74964
2.75402
2.69556
2.96657
2.70967
2.71421
2.94029
2.70814
2.75088
2.69388
2.68539
2.72405
2.68561
2.73773
3.25893
3.0392
3.12338
2.65698
2.6119
2.65433
3.24345
3.28118
2.66171
2.72476
3.23842
3.28893
2.71692
2.73321
2.73094
2.72084
2.7306
2.77171
2.72922
2.68811
2.73958
2.73046
2.72791
2.72175
2.70334
2.73553
2.72228
2.71278
2.71229
3.22371
2.65528
2.65085
2.77668
2.70752
2.71014
2.45591
2.71679
2.71396
2.75338
2.67959
2.6736
2.6954
2.83783
2.72913
2.71
2.67847
2.71869
3.08701
2.71834
2.97005
3.14005
3.29288
2.79282
2.75212
2.73802
2.7228
2.73034
2.88411
2.80319
2.7646
2.79853
2.84725
2.80825
2.7065
2.73776
2.72507
2.72285
2.76108
2.77551
2.72263
2.68399
2.75408
3.37542
2.74901
2.74868
2.65083
2.72897
2.99281
2.70613
2.73926
2.67096
2.7433
2.71022
2.69904
2.71288
2.74619
2.75002
2.67587
2.72717
2.70894
2.70717
2.69655
2.72717
2.73738
2.75163
2.63803
2.72447
2.80816
2.93185
2.63921
2.64397
2.64496
2.70166
2.66929
2.6777
2.93399
2.76244
2.76115
2.6472
2.69742
2.7431
3.11527
2.71769
2.51669
2.6205
2.67719
2.67654
3.35325
2.73259
2.65861
2.57997
2.72323
2.72871
2.71605
2.75403
2.73095
2.74957
2.19276
3.57584
2.35095
2.75151
2.31693
2.70041
2.67833
2.68132
2.68556
2.66418
2.67279
2.67429
2.65898
2.70494
2.73632
2.75108
2.70764
2.82096
2.65145
2.6472
2.75918
2.62797
2.67393
2.65472
2.67381
2.63476
2.64669
2.6727
2.71803
2.65167
2.6899
2.74799
2.81762
3.08015
2.60648
2.74244
2.75481
2.64558
2.7189
2.65461
2.74493
2.86153
2.74724
2.72637
2.65251
2.70624
2.71564
2.67707
2.72487
2.73004
2.67926
2.68765
2.70825
2.73521
2.7257
2.71158
2.65043
2.65043
2.76117
2.73521
2.7257
2.76117
2.71158
2.72529
2.68578
2.74255
2.72172
2.57643
2.73765
2.70154
2.75851
2.75068
2.78481
2.74322
2.73425
2.73938
2.77722
3.23615
3.25067
2.6081
2.77322
2.59625
2.73233
2.7196
2.63817
2.62643
2.7485
2.71033
2.76321
2.66849
2.68322
2.67415
2.9252
2.68934
2.71093
2.71533
2.7333
2.74981
2.7029
2.69911
3.54101
2.43898
2.15098
3.32426
2.71097
3.16626
2.31432
2.75057
2.78203
2.63969
2.75358
2.76205
2.72126
2.72461
2.68802
2.70138
2.69649
2.70018
2.67467
2.71053
2.70607
2.76011
2.70941
2.70856
2.71885
3.23698
3.20228
2.74781
2.70564
2.75633
2.6344
2.47588
2.57395
2.62254
2.61539
2.6979
2.62405
3.2214
2.7203
2.70971
2.6203
2.64744
2.69065
2.61683
3.2462
2.74914
3.2669
2.73644
3.2172
2.78694
2.69047
2.79948
2.7654
2.80791
2.77042
2.71859
2.70613
2.67792
2.75375
2.75983
2.73263
2.74279
2.72527
2.72006
2.72225
2.81984
2.70818
2.7322
2.72273
2.72714
2.72969
2.70169
3.23093
2.69638
2.7587
2.66776
2.68195
2.70348
2.77717
2.7715
2.7283
2.75514
2.74916
2.75344
2.75534
2.7553
2.73888
2.70933
2.69437
2.56302
2.6054
2.57235
2.7082
2.74109
2.73617
2.72968
2.73568
2.74714
2.77982
2.66122
2.75088
2.73244
2.70896
2.66728
2.63673
2.70663
2.8242
2.59351
2.65388
3.19894
2.65658
2.68179
2.7408
2.69575
2.71192
2.62553
2.6362
2.67314
2.72117
2.6805
2.77268
2.62392
2.69608
2.72723
2.69836
2.71973
2.69946
2.69233
2.69103
2.68252
2.70055
2.7654
2.89496
2.73049
2.70708
2.7593
2.77026
2.49139
2.68535
2.20152
2.6818
3.21437
2.94066
2.76302
2.71533
2.71155
2.75293
2.70714
2.6816
2.71949
3.30415
2.60893
2.72585
3.29723
2.76312
2.58033
2.65597
2.72205
3.23768
2.74069
3.20282
2.71426
2.65588
2.76308
2.69571
2.71168
2.7019
2.72123
2.75505
2.71409
2.71741
2.75602
2.76957
2.82694
2.46128
2.63711
2.77401
2.44873
2.64541
2.79266
2.88438
2.84055
3.38814
2.73683
2.75878
2.63808
2.70278
2.79179
2.74304
2.73145
2.78786
2.73571
2.75481
2.75688
2.75175
2.73138
2.71038
2.68635
2.6884
2.69874
2.7319
2.71833
2.68635
2.7136
2.70437
2.73521
2.70841
2.76442
2.71875
2.70101
2.70308
2.68087
2.78954
2.75551
2.71304
2.77022
2.75547
2.75856
2.71711
2.73358
2.72847
2.72371
3.03274
2.6379
2.51878
2.74273
2.69612
2.81579
2.77865
2.81529
2.70731
2.7644
2.7361
2.66757
2.69964
2.73332
2.80559
2.7163
2.69249
2.74449
2.70833
2.70916
2.72355
2.69053
2.73736
2.73202
2.73496
3.26444
2.7642
2.6672
2.70536
2.74512
2.72213
2.69284
2.77689
2.75232
2.74111
2.76969
2.73934
2.78611
2.74006
2.67047
2.74107
2.68213
3.03029
2.75158
2.69799
2.71157
2.71112
2.71558
2.70071
2.68293
2.70866
2.72725
2.73803
2.73299
2.73575
2.73417
2.7524
2.71031
2.75052
2.72729
2.71984
2.75693
2.72431
2.68574
2.75173
2.72451
2.75151
2.71558
3.24485
2.70626
3.27105
2.64629
2.69186
3.18569
2.23504
2.90918
3.40972
2.53858
2.51693
2.68859
3.62482
2.36126
2.73159
2.79754
2.77626
2.85451
2.74083
2.65309
2.73872
2.72716
2.70096
2.69546
2.70925
2.74132
3.23357
2.7631
2.59015
3.22585
2.66032
2.72034
3.25457
2.77632
2.65941
2.70073
3.24551
2.64487
2.89037
2.71877
2.74456
3.17932
2.74533
2.75488
2.70955
2.722
2.45904
2.70743
2.73429
2.69374
2.71273
2.77903
2.7575
3.17286
2.72036
2.61484
2.70268
2.67755
2.74889
2.65808
2.9158
2.70781
2.75488
2.7172
2.70781
2.7172
2.70962
2.7418
2.6789
2.75488
2.7418
2.70962
2.8561
2.68406
3.04451
2.76318
2.72149
2.6997
3.5976
2.62299
2.46333
2.33684
2.20686
2.49141
2.44225
2.7008
2.71596
2.68002
2.69487
2.73147
2.7003
2.66463
2.62673
2.69994
2.63429
2.67887
2.68493
2.66503
2.7649
2.71612
2.75826
2.74403
2.73312
2.78452
2.78116
2.75053
2.76576
3.27553
2.75575
2.6711
2.76313
2.76197
2.61966
3.24962
2.69469
2.694
2.7032
2.70387
2.70211
2.72317
2.75347
3.26684
2.70523
3.22191
2.69426
2.7492
2.70162
2.58251
2.76445
2.71403
2.70119
2.67922
2.30503
2.62038
2.63985
3.56439
2.42647
2.33541
2.76087
2.72956
2.74679
2.71679
2.74391
2.76387
2.73126
2.6901
2.70024
2.65965
2.67367
2.7382
3.22768
3.23944
2.91822
2.68929
3.12139
3.19154
3.27153
2.70484
2.69709
2.63825
2.72025
2.72808
2.86548
2.70276
2.60111
2.74248
2.56528
2.70307
2.58559
2.73449
2.82895
2.72627
2.71851
2.80358
2.75245
2.72244
2.75205
2.76447
2.75947
2.48472
2.77718
2.75461
3.29123
3.30501
2.82465
2.64975
2.72406
2.73647
2.73173
2.73691
2.67584
2.66816
2.70738
2.73433
2.73667
2.62837
2.98842
2.66928
2.66153
2.69993
2.71453
2.70586
2.66805
2.70303
2.69878
2.67737
2.75183
2.70981
2.60485
2.72388
2.88542
2.45812
2.71183
2.73067
2.86954
2.708
2.76036
2.76145
2.79505
2.83516
2.74983
2.76311
2.74411
3.30786
2.71817
2.75546
2.75113
2.94321
2.93239
2.88402
2.62772
2.67844
2.70432
2.99001
2.75516
2.68689
3.25374
3.29121
2.74173
2.73207
2.74411
2.7513
2.79785
3.0879
2.71341
2.62494
2.17019
3.56764
2.46367
2.45678
3.35003
2.32933
2.17829
3.5677
2.42426
2.40551
2.30254
2.42312
2.64375
2.72335
2.81585
3.28977
2.73742
3.27812
2.66304
2.66073
2.5838
2.68853
2.68602
2.74918
2.75573
2.70441
2.68294
2.72691
2.70272
2.67252
2.7519
2.51407
2.70323
2.57774
2.74264
2.5711
2.68604
2.72748
2.69266
2.71768
2.87319
2.76811
2.75784
2.78516
2.77684
2.75338
2.74577
2.75796
2.63771
3.28852
2.88506
2.70019
2.72378
2.7682
2.70799
2.726
2.72228
3.25248
2.68295
2.71374
2.68687
2.69425
2.69213
2.66502
2.65728
2.73404
2.75297
2.7216
2.80742
2.61546
2.77905
2.71504
2.73298
2.68184
2.82149
2.81737
2.7111
2.84196
2.72036
2.71489
2.76716
2.71874
2.71759
2.72123
2.71733
2.63107
2.68381
2.68546
2.57964
2.70997
2.76199
2.71129
2.70116
2.70232
3.29686
2.67995
2.70232
2.67995
2.6382
2.70323
2.7277
2.66548
2.70323
2.66625
2.6382
2.69705
2.70386
3.31
2.68964
2.73307
2.7762
2.72489
2.46224
2.72383
2.47853
2.5761
2.86303
2.62929
2.40191
2.1661
2.42762
2.29974
3.56251
2.45774
2.94993
2.91096
2.63863
2.90686
2.94669
3.11719
3.27635
2.65658
2.73131
2.73491
2.75592
3.2436
2.73681
2.69024
2.72591
2.66467
2.76789
2.71782
2.1781
2.34738
2.43479
2.59366
2.65891
2.73589
2.72217
3.33208
2.67015
2.71403
2.69684
2.58605
2.67636
2.65329
2.72707
2.67158
2.714
2.71137
2.68974
2.72097
2.74106
2.7156
2.74001
2.76919
2.69146
2.75508
2.75964
2.76509
2.74543
2.73487
2.72498
2.73412
2.72283
2.73474
2.7556
2.79658
2.69037
2.89968
2.69819
2.71129
2.63085
2.4581
2.73894
2.68457
2.75811
2.71343
2.76534
2.69258
2.75167
2.74653
2.68523
2.7053
2.64622
2.72049
2.68232
2.70366
2.76827
2.68962
2.74346
2.71686
2.74895
2.69009
2.72943
2.80566
2.68043
2.67908
2.67253
2.71129
2.62202
2.64857
2.42756
2.17897
2.6457
2.2975
2.65684
2.73163
3.23079
2.66465
2.68393
2.68113
2.57642
2.87253
2.60088
2.69848
2.51367
2.73529
2.72209
2.82535
2.77369
2.71224
2.7915
2.85126
2.72294
2.8148
2.70493
2.87208
2.6771
2.36099
2.32165
3.57863
3.58321
2.18723
2.63102
3.28059
2.7083
2.52213
3.25975
2.76612
2.77769
2.61575
2.70538
2.66765
2.69796
2.68186
2.67366
2.81368
2.62473
2.79575
3.26097
2.69354
3.28154
2.60603
2.69476
2.72659
2.67571
2.79921
2.73055
2.71521
2.72602
3.08158
2.67624
2.74463
2.68939
2.96298
3.17084
2.70884
2.67656
2.69207
2.73384
2.70594
2.70374
2.79394
2.71697
2.68917
2.7176
2.76336
2.74168
2.72334
2.73746
2.72939
2.72939
2.7492
2.77309
2.68198
2.70722
2.69684
2.70722
2.72139
2.7492
2.7433
2.72528
2.7793
2.72652
2.7369
2.73984
2.69629
2.79394
2.78982
2.69085
2.71411
2.72051
2.7793
2.67935
2.70814
2.70084
2.7638
2.69855
2.71863
2.7349
2.67178
2.70911
2.68588
2.79114
2.80359
2.59944
2.74426
2.76277
2.749
2.64913
2.70716
2.7212
2.70896
2.69755
2.70316
2.71939
2.7255
2.725
2.7869
2.73736
2.67983
2.71461
2.75258
2.75573
2.75387
2.71547
2.70899
2.76801
2.73816
2.7359
2.71066
2.71471
2.74451
2.75415
2.61877
2.76441
2.74022
3.25935
3.22773
2.73616
2.75411
2.78608
2.85101
2.76902
2.642
2.69777
2.66904
2.84252
2.84561
2.71348
2.74977
2.77043
3.00739
2.73991
2.73506
2.77129
2.74495
2.80796
2.72038
2.70328
2.72197
2.7016
2.63952
2.71336
2.93415
2.6895
2.73454
2.70207
2.69371
2.81688
2.69765
2.71394
2.69083
2.74383
2.62295
2.58761
2.68999
2.63155
2.66523
2.64583
2.66432
2.6976
2.70511
2.68998
2.65277
2.64643
2.66325
2.65049
2.69515
2.6779
2.63047
2.66639
2.66155
2.64404
2.66363
2.68244
2.64671
2.69903
2.64621
2.64123
2.65778
2.65691
2.6551
2.67681
2.64094
2.64814
2.6709
2.64828
2.69185
2.66823
2.6763
2.64869
2.66915
2.65913
2.66415
2.67644
2.67864
2.64291
2.63983
2.70252
2.67075
2.66856
2.64332
2.65167
2.65047
2.68346
2.64191
2.70541
2.71518
2.69358
2.73698
2.80803
2.66405
2.70651
2.71194
2.7272
2.59453
2.69621
2.74622
2.76465
2.72108
2.75977
2.74362
2.75106
2.74392
2.75011
2.76282
2.85083
2.83897
2.72663
2.76726
2.91512
2.78752
2.8338
2.78437
2.90962
2.63277
2.73444
2.70201
2.67774
2.68788
2.71504
2.73435
2.72728
2.75162
2.75367
2.71509
2.69636
2.68284
2.68998
2.69408
2.71376
2.71164
2.58909
2.69997
2.68248
2.67766
2.68291
2.64463
2.74935
2.46889
2.47705
2.71157
2.18668
2.75465
2.72375
2.74407
2.72016
2.71683
2.74646
2.87982
2.47803
2.69107
2.71821
2.74006
2.64611
2.69065
2.71268
2.72385
2.70796
2.68546
2.6781
2.71208
2.72593
2.71011
2.7246
2.72526
2.71704
2.67976
3.54904
2.15704
2.28141
2.44316
2.83705
2.61272
2.48839
2.70651
3.23953
2.19255
2.95977
2.88259
2.61014
2.83777
2.74663
3.24106
3.30116
2.67851
3.32304
2.95148
2.49671
3.20321
2.74185
2.60103
2.18072
2.47084
2.76072
2.72646
2.75738
2.94105
2.71561
2.74831
2.73104
2.82521
2.73304
2.79245
2.68736
2.71871
2.7225
2.72338
2.66093
2.76061
2.72667
2.72242
2.73523
2.75925
2.63605
2.71573
2.6938
2.68626
2.70702
2.69821
2.72693
2.75812
3.13179
2.6323
2.71543
2.97206
2.64514
2.75302
3.29198
3.25893
2.68496
2.714
2.74467
2.77987
2.70843
3.23331
2.73089
2.74753
3.26152
2.72444
2.80819
2.70228
2.64734
2.46563
3.27018
2.74667
3.28506
2.70248
2.72494
2.69184
2.7355
2.71546
2.69453
2.73894
2.76318
2.66133
2.63895
2.71483
2.90957
2.50543
2.73549
2.75461
2.75218
2.64318
2.69609
2.66085
2.6744
2.68802
2.73941
2.67671
2.67358
2.66023
2.75992
2.45934
2.72562
2.7448
2.64319
2.66218
2.66385
2.68403
2.68499
2.73986
2.68881
2.73366
2.81001
2.69953
2.6964
2.73513
2.71975
2.66392
2.92403
2.88636
2.92674
3.08271
2.63321
2.17632
2.31618
2.59639
2.44225
3.1963
3.23393
2.75717
2.79232
2.35107
3.57927
3.30625
2.75288
2.81467
2.77373
2.77709
2.72845
2.67827
3.09378
2.71737
3.29703
2.70945
2.70977
2.62859
2.7224
2.86445
2.75762
3.27092
2.69407
2.75416
2.80202
3.25803
2.68406
2.65269
2.67647
2.63114
2.7411
2.68859
2.70677
3.01879
2.60657
2.86306
2.68681
2.70399
2.61885
2.93911
2.72035
2.73575
2.75841
2.7187
2.71356
2.74461
2.42844
2.74259
2.6529
2.3028
2.84959
3.56655
2.61793
2.68577
2.73497
2.66511
2.683
2.71645
2.66164
2.70389
2.71876
2.70355
2.70362
2.68233
2.67402
2.71483
2.65679
2.70731
2.72599
2.68515
2.67302
2.6657
2.70506
2.70237
2.68165
2.71231
2.69278
2.66679
2.7034
2.72255
2.72919
2.6678
2.68849
2.67234
2.72547
2.68855
2.71921
2.71466
2.67772
2.70079
2.73725
2.72408
2.75625
2.71193
2.71665
2.78875
2.99652
2.50282
2.69616
2.47626
3.09943
2.65731
2.71666
2.75149
2.68974
2.73748
2.63812
2.58905
2.97333
2.74084
2.7363
2.75093
2.75947
2.74444
2.77342
2.76209
2.72382
2.69714
2.66397
2.66755
2.70405
2.72338
2.74642
2.72955
2.79337
2.7357
2.74061
2.69649
2.70311
2.68075
2.66384
3.1286
2.66207
2.36619
3.59052
2.75602
2.36619
2.20192
2.96929
3.59052
2.48631
2.20192
2.66207
3.37797
2.68099
3.37797
2.32832
2.74069
2.70951
2.73542
2.73415
2.74016
2.81198
2.69944
2.77415
2.70974
2.72626
2.7503
2.72536
2.72519
2.72187
2.71419
2.74885
2.71528
2.72761
2.71964
2.70314
2.73376
2.70517
2.71677
2.70589
2.69445
2.72721
2.70115
2.73356
3.04365
2.61735
2.9163
2.65697
2.6243
3.12561
2.71946
2.707
2.72168
2.71977
2.67322
2.67713
2.70685
2.7896
2.71115
2.73238
2.71654
2.72069
2.73634
2.69361
2.70095
2.71456
2.67615
3.13905
2.72116
2.93013
2.96168
2.98024
2.7398
2.73865
2.72123
3.28334
2.78081
2.73881
2.76003
2.76691
2.71374
2.78925
2.74721
2.62462
2.73174
2.74522
2.73458
2.75375
2.74592
2.74362
2.73728
2.74841
2.74804
2.749
2.78283
2.75832
2.74995
2.85323
2.72276
2.69512
2.71354
2.73633
2.71839
2.76521
2.71852
2.71846
2.69011
2.74601
2.7233
2.78658
2.71223
2.7345
2.7308
2.74964
2.52157
2.70204
2.72992
2.71337
2.77494
2.65713
2.70984
2.72099
2.71049
2.71303
2.71703
2.67962
2.70465
2.6933
2.69687
2.68886
2.70111
2.68963
2.69783
2.72369
2.69374
2.68564
2.76487
2.77233
2.75603
2.74323
2.77323
2.75924
2.76638
2.70661
2.70336
2.66605
2.7539
2.61857
2.71849
2.69149
2.68744
2.72594
2.66813
2.69873
2.70831
2.72495
2.69245
2.71131
2.71892
2.70819
2.74585
2.74559
2.74493
2.76302
2.7629
2.7415
2.72256
2.72959
2.71752
2.76272
2.6647
2.73364
2.68367
2.74274
2.76369
2.76074
2.76168
2.74941
2.73946
2.72656
2.72375
2.68778
2.7831
2.75777
2.70573
2.72111
2.74991
2.69373
2.72388
2.43902
3.5805
2.1906
2.35669
2.67091
2.31515
2.73578
2.68906
2.73108
2.73386
2.66991
2.74969
2.6909
2.69558
2.71687
2.69546
2.68575
2.68884
2.73653
2.69483
2.69293
2.75318
2.69449
2.71325
2.71965
2.71179
2.73344
2.68623
2.7404
2.76337
2.80132
2.65782
2.63008
2.6906
3.28773
2.63991
2.68063
2.70202
2.69543
2.69699
2.69608
2.69722
2.77255
2.73645
2.69925
2.67187
2.64273
2.67472
2.70046
2.68105
2.67954
2.66607
2.71567
2.76739
2.77385
2.82276
2.73109
2.61226
2.76774
2.62781
3.22587
2.78367
3.26618
2.45036
3.2538
2.83732
2.8892
2.83323
2.28137
2.15961
2.63562
3.54096
3.55007
2.66491
2.7278
2.69114
2.64468
2.70665
2.68955
2.68578
2.74741
2.70838
2.66745
2.7191
2.75729
2.71988
2.71003
2.70977
2.67367
2.68201
2.67967
2.73131
2.70322
2.70669
2.74986
2.6874
2.73187
2.60789
2.72996
2.73533
2.71442
2.6854
2.74498
2.7032
2.70375
2.7167
2.7114
2.71767
2.74969
2.71847
2.71889
2.73313
2.75274
2.73769
2.77476
2.7043
2.71296
2.71486
2.72003
2.74025
2.74969
2.71847
2.75551
2.46825
2.80124
2.77164
2.73641
3.18445
2.63654
2.58786
3.1394
3.39337
2.47028
2.21035
2.33163
2.491
2.74314
3.59974
2.5507
2.70393
2.74632
2.70868
2.75331
2.70332
2.75838
2.79414
2.73354
2.72595
2.73883
2.74323
2.69514
2.85641
3.32841
2.73324
2.72146
2.70534
3.57663
2.35635
2.68852
2.42078
2.3203
3.58569
2.19565
2.74007
2.76924
2.75326
2.75797
2.75758
2.77124
2.76779
2.77042
2.70659
2.73306
2.72709
2.71424
2.72399
2.74879
2.65758
2.70132
2.72093
2.7364
2.70286
2.66882
2.76448
2.74262
2.74606
2.73039
2.73886
2.76008
2.74013
2.72518
2.83184
2.72164
2.69849
2.7335
2.7612
2.80342
2.78322
2.80405
2.63879
2.139
2.8344
2.6173
2.41506
2.58698
2.26282
3.52542
2.7035
2.70561
2.70606
2.71944
3.04544
2.753
2.69312
3.26259
2.69895
2.70379
2.72998
2.72759
2.77423
2.73598
2.75274
2.76622
2.71479
2.75279
2.72346
2.71525
2.67821
3.13404
2.74526
2.7239
2.81418
2.7291
2.76555
3.38077
2.7679
2.55329
2.7766
2.67508
3.05734
2.73244
2.62257
2.70499
2.69138
2.6922
2.68822
2.70042
2.68092
2.7301
2.73108
2.71272
2.63235
2.71343
2.81857
2.71292
2.69371
2.70064
2.66931
2.64033
2.74748
2.77552
2.74397
2.73893
2.77371
2.75544
2.71932
2.69402
2.71247
2.73905
2.72944
2.70084
2.72713
2.72885
2.74178
2.70419
2.69223
2.71286
2.71885
2.73396
2.72167
3.29709
2.71109
2.65639
2.70076
2.70873
2.71242
2.6605
2.72471
2.69908
2.72152
2.75988
2.71373
3.24344
2.74784
3.27544
2.46885
2.50189
2.38317
2.51113
2.21477
2.70056
2.31947
2.66811
2.44152
2.19464
3.58103
2.35775
2.67494
3.22132
3.15777
3.19
2.76779
3.24272
2.59647
2.72532
2.71014
2.74694
2.71517
2.67866
2.70598
2.61394
2.71524
2.75537
2.73552
2.81836
2.70381
2.72315
2.74227
2.63467
2.64559
2.68674
2.72439
2.72301
2.8038
2.77717
2.74
2.77301
2.64665
2.77385
2.62627
2.70171
2.74213
2.70698
2.63296
2.72312
2.67856
2.67814
3.37447
2.3201
2.19485
2.36105
3.58859
2.74454
2.71977
2.73727
2.76299
2.72131
2.7283
2.73349
2.75578
2.71339
2.82258
2.62611
2.30232
2.74724
2.43109
2.69843
3.56739
3.6048
2.21256
2.49322
2.66659
2.44043
2.45575
2.72302
2.73249
2.69517
2.72095
2.69642
2.68364
2.68724
2.71489
2.66569
2.69056
2.68471
2.71316
2.69821
2.51242
2.66731
3.00637
3.10226
2.87467
2.69337
2.68482
2.6913
2.69232
2.69272
2.67784
2.70275
2.67618
2.70163
2.69432
2.75313
2.70119
2.67184
2.6996
2.31693
2.46774
3.57145
2.86085
3.57225
2.18051
2.70957
3.27694
2.81735
3.23912
2.64693
2.64928
3.28915
2.70123
2.70309
2.72018
2.70004
2.66791
2.69615
2.70462
2.68195
2.21465
2.49665
2.77185
2.98698
2.66458
2.95677
2.69048
2.78913
2.77882
2.59521
2.6798
2.64769
3.10618
2.47403
2.49224
2.50638
2.65722
2.66563
2.75627
2.72093
2.6895
2.68111
2.70327
3.35002
2.70543
2.63886
2.75362
2.75942
2.70378
2.68565
2.79847
2.75394
2.76085
3.29162
2.74692
3.29009
2.89318
3.07989
2.74284
2.75162
2.74796
2.73288
2.71668
2.70557
2.72966
3.26504
2.60297
2.69399
2.61972
3.30989
2.66629
2.68533
2.7652
2.67197
2.98964
2.7338
2.62576
2.67784
2.68928
2.68018
3.26822
2.78435
3.18968
2.62333
3.25068
2.70451
3.21979
2.72937
2.71059
2.74998
2.73755
2.75979
2.73699
2.71934
2.68068
2.61455
2.78034
3.18458
3.23828
2.60778
2.43821
2.66829
3.20425
3.24902
2.59988
2.7027
2.71178
2.67933
2.68561
2.69529
2.69975
2.64736
2.44825
2.86158
2.66448
2.62298
3.1945
3.27796
2.68495
2.67511
2.74194
2.70186
2.72021
2.72994
3.0518
3.24759
2.86721
2.7308
2.67743
3.26907
2.72273
2.72284
2.68861
2.71899
2.704
2.72888
2.80231
3.39008
2.63842
2.81702
2.73316
2.80959
2.64201
2.72987
2.73023
2.83215
2.71751
2.89351
2.7851
2.7162
2.7067
2.6435
2.71044
2.71435
2.743
2.70405
2.7341
2.69782
2.72733
2.67397
2.66363
2.76585
2.68757
2.73677
2.69893
2.70918
2.71278
2.70754
2.68118
2.67939
2.70052
2.67163
2.72453
2.70947
2.70894
2.68414
2.74922
2.70666
2.88445
2.74975
2.74158
2.65162
2.76574
2.69155
2.69768
2.76802
2.73933
2.72182
2.65084
2.72188
2.41889
2.63572
2.74375
2.65721
2.95445
3.36009
3.5647
2.40901
2.73635
3.19394
2.18041
2.63365
3.56786
2.34494
2.75825
2.77432
2.72791
2.72216
2.70143
2.71026
2.66004
2.73056
2.73546
2.75527
2.71405
2.71285
2.75047
2.68003
2.35902
3.58441
2.49605
2.20167
2.76544
2.20267
2.92576
2.47748
2.65362
2.76103
3.58885
2.62142
2.66884
2.75947
2.63932
2.75363
2.68562
3.11611
2.74165
2.7248
2.65784
2.72427
2.72219
2.70297
2.76973
2.64706
2.71075
2.68338
2.73231
2.69919
2.6807
2.73691
2.66388
2.64873
2.81738
3.13758
2.7541
2.73575
2.7368
2.70967
2.7535
2.74778
3.58484
2.6778
2.75942
2.49096
2.1966
2.36477
2.65869
3.26958
2.75598
3.25351
2.68475
2.68305
2.98788
2.71655
2.77238
2.75275
2.69831
2.67174
2.65694
2.65156
2.64582
2.71609
2.66517
2.71607
2.6502
2.7158
2.68694
2.74374
2.72595
2.47903
2.56646
2.67249
2.85094
2.48853
2.71412
2.62584
2.67699
2.71181
2.74572
2.81339
2.66087
2.72497
2.74331
2.75583
2.7245
2.7428
2.78576
2.74819
2.76102
2.75517
2.7699
2.76102
2.74819
2.7699
2.7428
2.78576
2.74481
2.80537
2.64389
3.24044
3.27024
2.78052
2.73314
2.7293
2.75893
3.29283
2.47352
2.69617
2.69931
2.98669
2.71673
2.73642
3.22806
3.26425
3.15967
2.70851
2.7201
2.69506
2.7036
2.67251
2.68658
2.73326
2.68038
2.44043
2.77222
2.73035
2.75763
2.75427
2.6918
2.77887
2.71471
2.7438
2.74057
2.81496
3.2389
3.28822
2.70406
2.46117
2.63689
2.6973
2.8062
3.27153
2.69121
2.7388
2.7142
2.74839
2.72684
3.32494
2.74538
2.69759
2.71791
2.67909
2.76961
2.73801
2.71753
2.70406
2.67355
2.6989
2.6979
2.60164
2.63409
2.58707
2.72385
2.72264
2.74821
2.78096
2.74284
2.73643
2.77778
2.76347
2.75268
2.71843
2.69314
2.73955
2.65215
2.70244
2.19531
3.37874
2.68564
2.36313
3.59475
2.32478
2.48788
2.79437
2.64988
2.72982
2.66124
2.63162
2.73655
3.20008
2.64743
2.59411
3.02926
2.97952
2.74504
2.6611
2.48066
2.78645
2.4964
2.21646
3.6029
2.34824
2.66635
2.73613
2.71821
2.70581
2.74653
2.7043
2.72322
2.77757
2.77195
2.75553
2.77653
2.77551
2.72995
2.76633
2.79994
2.71118
2.70783
2.71688
2.72697
2.73013
2.76409
2.69238
2.63708
2.67524
2.70367
2.72231
2.69668
2.68972
2.66117
2.7583
2.6609
2.71143
2.68103
2.69895
2.72134
2.69916
2.67143
2.67522
2.71279
2.66498
2.70704
2.70084
2.66981
2.69966
2.75373
2.70771
2.70422
2.71298
2.69039
2.71752
2.72369
2.68665
2.77544
2.77197
2.7148
3.25739
3.29119
2.63122
2.7211
2.69753
2.72769
2.69498
2.71484
2.74543
2.72833
2.73687
2.468
3.27319
2.64202
3.28616
2.80265
3.58093
2.47307
2.32075
3.58439
2.96931
2.6737
2.1945
2.84426
2.77624
2.7682
2.76721
2.72852
2.95544
2.723
2.72997
2.72502
2.71729
2.75629
2.19504
2.67369
2.70891
2.36013
3.57925
2.65434
2.75395
2.6936
2.67677
2.76907
2.61993
2.72649
2.70024
2.72239
2.68293
2.6855
2.70867
2.70997
2.69202
2.70581
2.75292
2.65144
2.76423
2.69151
2.74595
2.62982
2.67496
2.65715
2.68179
2.68886
2.65863
2.72332
2.67182
2.68944
2.72379
2.69787
2.71438
2.69701
2.66643
2.69411
2.73287
2.66254
2.71323
2.73252
2.71031
2.741
2.74154
2.73706
2.72562
2.72713
2.69906
2.71036
2.70633
2.71872
2.70395
2.71218
2.69713
2.7241
2.67974
2.64638
2.68908
2.70026
2.66961
2.69725
2.66685
2.72418
2.68301
2.78229
2.71207
2.70671
2.78996
2.74365
2.70502
2.75931
2.75687
2.66359
2.82328
2.70548
2.77699
2.69648
2.76456
2.73538
2.7244
2.74796
2.76642
2.77869
2.73059
2.6936
3.10233
2.70215
2.61875
2.64377
3.16747
3.09913
2.66339
3.29438
2.67721
2.80247
2.74945
2.76281
2.41766
2.63556
2.47219
2.71976
2.1832
2.74499
2.43193
2.6656
2.73032
2.71361
2.72909
2.69192
2.70419
2.61343
2.66982
2.89165
2.62843
2.61673
2.73321
2.61421
2.74802
2.7311
3.27301
2.65334
2.63599
2.60209
2.74476
3.23575
2.70399
2.72996
2.72756
2.7478
2.67647
2.70512
2.68495
2.72993
2.70717
2.72847
2.75698
2.71542
3.07703
2.73559
2.70272
2.73799
3.29235
2.702
2.75767
2.71783
2.73003
2.70217
3.26134
3.27257
3.15637
3.07412
2.4652
2.68919
2.69308
2.67344
2.72747
2.67745
2.73792
2.71737
2.73681
2.76449
2.72872
2.76853
2.74986
2.79726
2.73777
2.75829
2.52135
3.04754
2.71967
2.91756
2.72545
2.70306
3.15139
2.67025
2.69827
2.68437
2.6764
2.7124
2.65008
2.67851
2.691
2.67103
2.68096
2.70386
2.69329
2.73389
2.67431
2.70586
2.62595
2.70151
2.44896
2.7465
2.76647
2.63769
2.67278
2.72162
2.76694
2.64712
2.72188
2.63752
2.6291
2.90366
2.80483
2.7573
2.1938
2.64275
2.48028
2.32253
3.24522
2.64275
2.48028
2.1938
2.88804
3.20993
3.58833
2.75572
2.32253
2.75572
2.74358
2.76359
2.74146
2.70949
2.71213
2.71836
2.61044
2.684
2.73662
2.70311
2.73746
2.69614
2.86809
2.86283
2.1695
2.45572
2.6271
2.57797
3.1786
2.72422
2.71342
2.71913
2.74841
2.72315
2.71197
2.7846
2.79314
2.74178
2.69505
2.70387
2.66516
2.65044
3.34495
3.0232
2.89685
2.76091
3.29307
2.73007
2.77594
2.7924
2.88431
3.29833
2.82523
2.7364
3.30297
3.25576
2.88659
2.66655
2.85468
2.72181
2.71553
2.81636
2.76606
2.71209
2.71354
2.78694
2.72917
2.6857
2.75554
2.82766
2.74928
2.70244
2.76728
2.72049
2.7177
2.74283
2.7277
2.32016
2.49012
2.45498
2.65966
3.5966
2.20571
2.72279
2.67673
2.65263
2.74494
2.70759
2.62773
2.76627
2.77766
2.78836
2.77453
2.6577
2.63003
2.69157
2.75796
2.7302
2.65154
2.78449
2.80216
2.80238
2.7389
2.69941
2.71394
2.74651
2.70185
2.68844
2.67405
2.69939
2.6869
2.70015
2.74026
2.77672
2.72108
2.71307
2.7089
2.70095
2.74447
2.68716
2.72228
2.73994
2.71357
2.71906
2.68863
2.71121
2.76
2.7619
2.66575
2.7017
2.73311
2.73953
2.71438
2.72425
2.74033
2.71647
2.72563
2.66621
2.71573
2.57937
2.77676
2.73817
2.74093
3.0793
3.40154
2.71697
2.78139
2.72071
2.69409
2.71237
2.71945
2.45275
2.34331
2.70525
3.61447
2.68402
2.47579
2.67186
2.75611
2.69879
2.73007
2.74224
2.65352
2.63928
2.6835
2.30298
2.68813
2.7526
2.83123
2.74467
2.76
3.19572
3.57618
2.69636
2.73632
2.69078
2.74864
2.75032
2.71992
2.70186
2.68794
2.714
2.718
2.73435
2.70494
2.71799
2.72937
2.71616
2.72365
2.71522
2.73288
2.68426
2.70062
2.73023
2.74289
2.83945
2.76206
2.7534
2.71618
2.71252
2.72152
2.70016
2.71774
2.71384
2.73872
2.79628
2.69265
2.75457
2.69713
2.70909
2.75426
2.72791
2.76998
2.78223
3.19379
3.27303
2.70692
2.76189
3.25793
2.7495
2.75022
2.72127
2.71096
2.71101
2.74352
2.73388
2.75919
2.72506
2.70489
2.74867
2.69685
2.46123
2.89682
3.20728
2.8294
2.72809
2.79838
2.75813
2.74382
2.75258
2.63939
2.67618
2.72339
2.71841
2.71152
2.64257
2.69443
2.80897
2.64977
2.70705
2.75261
2.67032
2.76012
2.75806
2.74118
2.72871
2.75703
2.6876
2.69806
2.69908
2.69691
2.66873
2.70484
2.67485
2.59001
2.71666
2.74959
2.68186
2.73172
2.74251
2.76029
3.31381
2.94108
2.71873
2.72928
3.29271
2.76301
2.69922
2.76777
3.25716
2.82329
2.65186
2.72021
2.74481
2.15629
2.67105
2.65409
2.72071
2.70341
2.29192
2.71557
2.70361
2.67201
2.68968
2.69464
2.6843
2.69919
2.72478
2.65128
2.77094
2.73194
2.87479
2.70331
2.72404
2.75695
2.76115
2.72169
2.69055
2.74705
2.74467
2.7061
2.71544
2.73389
2.7142
2.68863
2.69657
2.79176
2.72114
2.62981
2.71455
2.71113
2.56038
2.79447
2.74546
2.60838
2.66123
2.79011
2.68882
2.80598
2.65162
2.69696
2.77619
2.65834
2.73205
2.68169
2.6348
2.67791
2.75145
2.72783
2.72586
2.72022
2.74288
2.72618
2.65744
2.69792
2.69469
2.77129
2.7401
2.69939
2.70032
2.84628
2.73977
2.90787
2.69157
2.70038
2.70177
2.79998
2.67344
2.71458
2.67144
2.68849
2.71923
2.72347
2.70307
2.72651
2.73246
2.78324
2.76137
2.49892
2.67748
2.70361
2.5795
2.64128
2.73775
2.95992
2.73547
2.75979
2.76698
2.77076
2.73629
2.69521
2.73728
2.76629
2.66249
2.70973
2.66954
2.65361
2.68744
2.7908
2.65678
2.43121
2.72164
2.67032
2.69282
2.82443
3.09237
2.64903
3.17403
2.72197
2.79151
2.70435
2.56169
2.65899
2.5881
2.70306
2.90768
2.71877
2.64725
2.69059
2.71184
2.67258
2.6456
3.05626
2.73888
2.7151
2.82046
2.72702
2.78419
2.67577
2.68218
2.67075
2.72059
2.70248
2.79833
2.65669
2.70169
2.69684
2.68831
2.7004
2.8861
2.70321
2.68987
2.7234
2.6918
2.775
2.70524
2.68698
2.68196
2.66587
2.67069
2.70236
2.63414
2.67574
2.68686
2.73136
2.73148
2.69125
2.66825
2.67792
2.70802
2.66259
2.70672
2.67269
2.73787
2.72319
2.67608
2.70354
2.69202
2.71187
2.71182
2.67182
2.68211
2.70411
2.73492
2.76051
2.69685
2.90563
2.67735
3.18364
2.69531
2.78786
2.71775
2.6808
2.8366
3.04545
2.78786
2.6808
2.68034
2.69096
2.71775
2.60947
2.80176
2.68953
2.84632
3.30016
2.80286
2.74932
2.75809
2.73637
2.73462
2.71628
2.71934
2.57846
2.68705
2.55166
2.71192
2.48484
2.69142
2.829
2.70137
2.70991
2.72503
2.68524
2.71605
2.75382
2.5926
2.69874
2.68982
2.69818
2.75125
2.5849
2.69715
2.66662
2.72687
2.69113
2.67138
2.59702
2.74757
2.69797
2.96112
2.59272
2.87187
2.65787
2.6891
2.64367
2.677
2.76105
2.72981
3.066
2.80023
2.77128
2.72435
2.94174
2.71085
3.22211
2.67494
2.75614
3.15401
3.27521
3.25746
2.64291
2.74306
2.65312
2.67731
2.6858
3.2593
2.65631
2.68614
2.67021
2.70119
2.71571
2.70213
2.68932
3.31159
2.69506
2.74351
2.73486
2.69479
2.72418
2.68337
2.69392
2.71461
2.56974
2.70514
2.68136
3.26976
2.75974
2.72129
2.73912
2.75155
2.75096
2.69698
2.7108
2.73087
2.73849
2.71051
2.73989
2.69596
2.97547
2.81066
2.57805
2.72273
2.69461
2.65997
2.76691
2.72984
2.76176
2.68132
2.92556
2.98245
2.67184
3.56536
2.71604
2.85216
2.65586
2.18002
3.35025
2.311
2.73458
3.28574
2.69466
2.8051
2.7267
2.78016
2.7285
2.17174
3.55477
2.42161
2.33284
2.39802
3.25541
3.27017
2.61813
2.78766
2.4415
2.73296
2.714
2.67441
3.28445
2.76827
2.87394
3.06645
3.26556
2.71594
3.23239
2.72942
3.09265
2.69158
3.56769
2.16842
2.90957
2.73071
2.72127
2.74067
2.75498
2.72938
2.74413
2.46152
2.64791
2.61907
2.74677
3.28609
2.71391
2.68835
2.76946
2.69783
2.60614
2.60942
2.73233
2.78076
2.74115
2.69975
2.98952
2.70303
2.74446
2.76464
2.75058
2.74479
2.73203
2.71893
2.77038
2.7577
2.66669
2.73689
2.7071
2.73538
2.76261
2.77406
2.7387
2.74571
2.7107
2.695
2.75286
2.73978
2.71606
2.69544
2.70259
2.75179
2.76267
2.66386
2.67848
3.5789
2.74271
2.32135
2.75562
2.57449
2.66181
2.73785
2.66768
3.32783
2.69431
2.63996
2.71679
2.66412
2.72336
2.67258
2.69924
2.76316
2.74618
2.69472
2.80713
2.68962
2.74248
2.71634
2.72683
2.68324
2.68205
2.61578
2.73851
3.23613
2.77038
2.7953
3.28535
2.6945
2.68996
2.68175
2.68746
2.68713
2.69558
2.68094
2.70332
2.70875
2.65994
2.87496
2.74369
2.71288
2.75094
2.66633
2.53794
2.6695
2.79683
3.14965
2.73597
2.76821
2.78988
2.75023
2.76738
2.7782
2.74116
2.71658
2.73752
2.73515
2.74714
2.70645
2.7771
2.74223
2.74104
2.6804
2.70441
2.71775
2.72856
2.705
2.73852
2.73283
2.75347
2.7329
2.71778
2.73865
2.71452
2.7032
2.77185
2.69707
2.71074
2.72102
2.71957
2.74738
2.71592
2.73209
2.74723
2.74402
2.68143
2.72534
2.71488
2.75005
2.71573
2.74206
2.73782
2.71404
2.71983
2.70358
2.74207
2.72574
2.72122
2.71374
2.74584
2.69485
2.73825
2.74282
2.7398
2.73095
2.76441
2.71442
3.21345
3.33154
2.72624
2.74313
2.72626
2.6367
3.27594
3.26099
2.7132
2.68245
2.80409
3.28232
2.75827
2.45886
3.27228
2.80213
2.63552
2.69489
2.70123
2.70487
2.66981
2.69498
2.66314
2.67002
2.5885
2.6252
2.74648
2.70436
2.70826
2.74309
2.72127
2.7424
2.71567
2.70035
2.7296
2.71239
2.7345
2.75093
2.74576
2.74692
2.77789
2.77649
2.75191
2.90294
2.72674
2.64299
2.69693
2.68287
2.88701
3.3443
3.34918
3.27303
2.8003
3.29775
2.86628
2.97946
2.93101
2.72315
2.51744
2.72175
2.73763
2.94108
2.75891
2.72039
2.76309
2.77494
2.7076
2.74642
2.68272
2.7144
2.74997
2.73651
2.74959
2.70445
2.75945
2.7019
2.70572
2.7296
2.69242
2.73833
2.69345
2.75006
2.74139
2.73505
2.74767
2.73483
2.7044
2.73558
2.73169
2.7192
2.72152
2.71059
2.71564
2.69928
2.65222
2.69298
2.72524
2.48659
2.52094
3.18237
2.74153
2.70875
2.46662
2.72109
2.96334
2.57972
2.72861
2.73079
3.24502
2.87646
3.21087
2.71899
2.65158
2.73005
2.71569
2.6615
2.76548
2.72259
2.81809
2.70712
2.6789
2.95141
2.90809
2.72493
2.72299
2.72987
2.69486
2.73372
2.70642
2.69207
2.74757
2.75922
2.68803
2.73572
2.69608
2.65592
2.72053
2.6765
2.69001
2.43626
3.18229
3.24328
2.78292
2.88758
3.2126
2.60916
3.25901
2.73162
2.72863
2.74564
2.74792
3.60089
2.76551
2.3743
2.33328
2.2029
2.50319
2.76427
2.72196
2.71668
2.7344
2.74523
2.7281
2.6957
2.70031
2.71199
2.70064
2.71932
2.71717
2.69883
2.74331
2.75218
2.70902
2.77194
2.69883
2.79596
2.75218
2.70869
2.79596
2.77194
3.55387
2.44328
2.61401
2.41258
2.32257
2.15848
2.7332
2.73354
2.74116
2.71894
2.76216
2.68184
2.80345
3.33749
2.71895
2.72254
2.68597
2.70019
2.69627
2.74087
2.69348
2.68368
2.73092
2.69408
2.76837
2.69758
2.70885
2.73008
2.6784
2.5946
2.63604
3.10796
2.61942
2.86661
2.61839
2.29848
2.95152
3.56929
2.17562
2.71351
2.65697
2.20968
3.13575
2.66214
2.77427
2.69529
2.49213
2.63807
2.59312
2.71197
3.25732
2.69768
2.70444
3.3566
2.7626
2.72918
2.7184
2.71942
2.792
2.71987
2.73575
2.75668
2.71754
3.29503
3.07738
2.70909
2.75165
3.2763
2.70482
2.38247
2.70556
2.89937
2.2223
2.34594
3.61676
2.7523
2.77069
2.79892
2.73723
2.74407
2.78895
2.75771
2.7493
2.77851
2.75878
2.80503
2.76187
2.81035
2.79331
2.7535
2.79237
2.76896
2.80624
2.78487
2.78271
2.78237
2.75888
2.7778
2.77318
2.80388
2.78059
2.79748
2.75262
2.76189
2.7555
2.77511
2.76486
2.76413
2.79754
2.78973
2.75399
2.77831
2.83012
2.77494
2.7651
2.73633
2.77638
2.7859
2.75977
2.77571
2.81417
2.80888
2.77183
2.77902
2.73597
2.72274
2.73581
2.71301
3.34245
2.71354
3.26005
2.67457
2.74308
2.73716
2.88567
2.7832
2.76083
2.71715
2.70745
2.72644
2.73036
2.68902
2.73595
2.78914
2.75291
2.74487
2.68519
2.74817
2.66274
2.65887
2.75788
2.75272
2.75063
2.7564
2.79345
2.76757
2.7566
2.76498
2.77777
2.76202
2.7673
2.75122
2.73243
2.74369
2.72507
2.698
2.65291
2.69355
2.69811
2.68868
2.67557
2.69582
2.70849
2.69105
2.69925
2.72668
2.68934
2.71402
2.6866
2.72482
2.7
2.70841
2.67081
2.71809
2.68826
2.6569
2.69835
2.68749
2.72566
2.71862
2.70835
2.64683
2.67789
2.72309
2.67622
2.71861
2.70047
2.68607
2.67229
2.70235
2.72642
2.67941
2.68491
2.69684
2.68994
2.70336
2.6814
2.68198
2.70765
2.6257
2.70837
2.67946
2.713
2.66281
2.6944
2.68055
2.68982
2.69974
2.7159
2.6804
2.71091
2.68154
2.71243
2.70173
2.69621
2.69404
2.6774
2.68386
2.67199
2.68938
2.6907
2.70281
2.69175
2.69877
2.69757
2.70569
2.68069
2.67086
2.70597
2.72015
2.68862
2.70361
2.68871
2.76897
2.67672
2.76102
2.6817
2.72244
2.71709
2.73645
2.71884
2.74088
2.74579
3.13035
3.00758
2.8393
3.31456
3.32803
3.2173
2.73394
2.77347
2.89729
2.93265
2.63524
2.71823
2.6769
2.65025
2.75805
2.72294
2.71376
2.74364
2.69943
2.71594
2.70687
2.74345
2.73098
2.73929
2.71836
2.68741
3.1899
2.83825
2.83384
3.23286
2.66685
2.71873
2.72631
2.72995
2.71177
2.72072
2.70171
2.70319
2.76894
2.70992
3.25221
3.06454
2.72326
3.1532
3.26539
2.71605
2.72139
2.7618
2.68464
2.72414
2.70186
2.67482
2.79948
2.66632
2.73238
2.96367
2.83453
3.0844
2.96415
3.13477
3.27132
2.62951
2.47401
2.6989
2.68259
2.74682
2.72048
2.87129
2.73554
2.65873
2.69546
2.7131
2.66204
2.65159
2.67473
2.73408
2.65173
2.73607
2.73334
2.70319
2.75664
2.77099
2.69011
2.72462
2.70411
2.60406
2.55304
2.5455
2.73158
2.58444
2.63644
2.66205
2.69295
2.70654
2.6948
2.71317
2.68899
2.72281
2.62761
2.74183
2.69133
2.70726
2.85093
2.73928
2.69294
2.79602
2.81653
2.69364
2.77089
2.74259
2.74403
2.74682
2.69477
2.75674
2.77935
2.76038
2.76845
2.81838
2.67493
2.59507
2.7573
2.67542
2.87124
2.67569
2.73398
2.71828
2.74289
2.68887
2.67725
2.76097
2.6798
2.61642
2.50691
2.20261
2.3827
2.89117
2.3408
2.67782
2.70975
3.30503
2.55919
2.66402
2.50568
2.68358
2.79441
3.20293
2.79155
2.48433
2.64357
2.74158
2.73915
2.74251
2.72306
2.69859
2.70308
2.69164
2.71944
2.75898
2.64738
2.71963
2.65889
2.73348
2.68679
2.79544
2.77627
2.73067
2.82987
2.60495
2.7185
2.74783
2.77959
2.74505
2.69435
2.72681
2.73762
2.77742
2.73522
2.75566
2.75571
2.73117
2.76224
2.72683
2.70163
2.69338
2.68334
3.28654
3.22879
2.76921
2.42138
2.65185
3.19912
2.60438
2.71757
2.55385
2.65541
2.7666
2.43943
3.15843
2.70874
2.65739
2.9474
2.70552
2.66856
2.76111
2.67508
2.48692
2.51731
2.2382
3.6298
2.91387
2.69133
3.62382
2.36645
2.69256
2.58643
3.03622
2.71377
2.74575
3.1334
2.69936
2.75507
2.65822
2.69426
2.66127
2.63479
2.6175
2.69451
2.7345
2.67635
2.46161
2.17585
2.58893
2.63997
2.74435
3.22963
2.75261
2.70306
2.72887
2.76511
2.72887
2.75261
2.78932
2.7199
2.7199
2.78932
2.76511
2.73259
2.7436
2.67736
2.74619
2.73731
2.71829
2.738
2.74073
2.72873
2.70254
2.71879
2.7057
2.70768
2.71882
2.67888
2.73984
2.72382
2.75265
2.73614
2.69998
2.74034
2.7586
2.75855
2.73443
2.82317
2.7599
2.72351
2.72621
2.73071
2.71229
2.72621
2.75147
2.68154
2.71038
2.75147
2.69459
2.73455
2.7168
2.74764
2.72369
2.70767
2.76
2.72456
2.70556
2.72456
3.32904
2.70899
2.73763
2.67455
2.72408
2.71349
3.59443
2.43482
2.45429
2.33275
3.38053
2.21403
2.60632
3.19468
2.84645
3.16661
2.71459
2.15572
2.43495
2.74593
2.73934
2.70072
2.74243
2.71575
2.72988
2.71884
2.67799
2.89467
2.68969
2.67597
2.70831
2.66118
2.91341
3.56757
2.17467
2.30306
2.34127
2.46606
2.72715
2.69401
2.77693
2.62789
2.825
2.65956
2.7242
2.70112
2.69346
2.70543
2.71804
2.67597
2.67546
2.7446
2.74669
2.70786
2.7469
2.72529
2.76379
3.26309
3.27283
2.95327
3.16909
2.78167
3.08752
2.66253
2.71476
2.74536
2.64352
2.68544
2.66135
2.63603
2.68811
2.65195
2.69007
2.72838
2.73761
2.72561
2.69105
2.70705
2.73049
2.77549
2.74436
2.70336
2.73332
2.70829
2.69063
2.69534
2.68209
2.68998
2.64798
2.70178
3.31607
2.56585
2.63738
2.61355
2.70374
2.65082
2.2273
2.55809
2.10428
2.63422
2.87951
2.58866
2.67734
2.69198
2.7071
2.72236
2.73741
2.68978
2.7643
2.796
2.66009
2.7368
2.69847
3.1432
2.65565
2.74177
2.74177
2.75254
2.73982
2.75366
2.75432
2.71267
2.70718
2.73982
2.71267
2.71907
2.73218
2.82063
2.78369
2.73506
2.71042
2.74284
2.73434
2.71973
2.75045
2.6656
2.74067
2.68851
2.73243
2.7404
2.75786
2.74018
3.57732
2.31928
2.46631
2.415
2.48252
2.66451
2.63489
2.1839
2.76447
2.75607
2.71597
2.74503
2.72617
2.73334
2.70283
2.62858
2.65609
2.62993
2.71663
3.23926
2.71426
2.75082
2.67232
2.6678
2.54023
2.75993
2.53479
2.86263
2.68012
2.83793
2.70989
2.62161
2.67215
2.67524
2.95608
2.95085
3.11672
2.91626
2.62165
3.23897
2.65757
2.70489
2.6636
3.24098
2.90144
2.70783
2.64584
2.68798
2.84832
2.68462
2.71836
3.25837
3.05573
2.43632
2.66325
2.66969
2.7279
2.70365
2.75043
2.738
2.76415
2.87182
2.67081
2.55267
2.55088
2.64101
2.60468
2.7403
2.59728
2.72933
2.48412
2.7352
3.14324
2.98963
3.29781
2.17667
2.34621
2.45004
2.63853
2.7399
3.57425
2.74087
2.72897
2.7405
2.69423
2.73686
2.72079
2.58722
2.33867
2.18489
2.30833
2.85906
2.46259
2.71186
2.71215
2.68109
2.71212
2.72028
2.69093
2.62716
2.79901
2.68845
2.79302
3.00568
2.90288
2.88084
2.20843
2.69385
2.37419
3.59891
3.37949
2.48689
3.13782
3.60128
2.34113
2.70233
2.91875
2.7152
2.67753
2.688
2.61996
2.2223
2.99656
2.50889
3.23563
3.61122
2.95085
2.5044
2.7155
2.74433
2.74062
2.70291
2.75206
2.64003
3.59292
2.32204
2.76979
2.45841
2.64632
2.92115
2.75399
3.27282
2.73786
2.7037
3.28831
2.80538
2.98012
2.75399
2.47664
2.80538
2.71186
2.75711
2.75711
2.65066
2.75929
2.71186
2.65066
3.13857
2.75711
2.93143
2.70577
2.70053
2.77038
2.75894
2.65745
2.68423
2.76824
2.71053
2.89804
2.65875
2.71164
2.7589
2.5732
2.71842
2.58421
2.6721
2.61935
2.6848
2.70865
2.76367
2.77331
2.73144
2.70854
2.7104
2.72275
2.76439
2.72622
2.71901
2.69397
3.31127
2.72507
2.68294
2.71901
2.77354
2.73982
2.72622
2.70637
2.72507
3.31127
2.69397
2.74363
3.21886
2.8993
2.72824
2.20953
2.45929
2.43039
2.63934
2.63142
2.69898
2.71078
3.34388
2.52031
2.62806
2.65062
2.71553
2.43772
2.3216
3.58282
2.6235
2.74901
2.71816
2.72474
2.7619
2.7041
2.72074
2.76594
2.7388
2.77325
2.7347
2.77951
3.11455
2.76233
2.69451
2.67378
2.75057
2.70563
2.69944
2.74695
2.72888
2.76572
2.74997
3.33613
2.6831
2.67787
2.72117
2.72661
2.67559
2.67114
2.68647
2.6948
2.78634
2.72631
2.66623
2.69535
2.70001
2.72677
2.72355
2.76343
2.72829
2.77036
2.73863
2.74497
2.75608
2.68969
2.73117
2.70375
2.70828
2.71365
2.69654
2.59909
2.66928
2.7111
2.64537
2.54622
2.63238
3.21233
3.24324
2.78574
3.18469
2.61714
3.26013
2.68883
3.31602
2.68309
2.8584
2.70559
2.66069
2.18447
3.19671
2.71447
2.67346
2.35
2.8334
2.46385
2.6447
2.70553
2.68182
2.70313
2.7373
2.70573
2.71345
2.32105
2.62288
2.63876
2.44954
2.19494
2.63483
2.65019
2.70383
2.69302
2.72351
2.75814
2.75321
2.71073
2.42855
2.44557
2.75696
2.38162
2.14863
2.59563
2.71636
2.71766
2.73323
2.7064
2.70472
3.13025
3.38157
3.59923
2.36968
2.2086
2.43799
2.48531
2.66351
2.7018
2.69654
2.70435
2.72169
2.6663
2.72893
2.73732
2.71444
2.74921
2.7241
2.7315
2.71373
2.73186
2.7148
2.75562
2.74717
2.73082
2.74023
2.62675
2.7484
2.6876
2.76504
2.42446
2.88802
2.19037
2.32209
2.70932
2.45563
2.72682
2.70062
2.64419
2.70823
2.7228
3.1936
2.69079
2.71868
2.70906
2.66007
2.68101
2.70988
2.68071
2.76676
2.73826
2.72394
2.75253
2.74412
2.68189
2.6877
2.75524
2.69922
2.66542
2.70197
2.72125
2.593
2.61845
2.6663
2.62039
3.14561
2.93827
2.64199
2.74661
2.98128
2.98899
2.92805
2.76405
2.74037
2.95498
3.22819
2.75301
2.70033
2.69472
3.26495
2.65434
2.74327
2.92255
2.72953
2.60341
3.16161
2.72258
2.69768
2.6513
2.68186
2.70281
2.68829
2.69945
2.66465
2.68583
2.69921
2.65506
2.67407
2.68986
2.65636
2.64043
2.31113
2.66586
2.46796
3.56785
2.18506
2.60827
2.65891
2.782
2.81206
2.89468
2.72891
2.68271
2.71336
2.71656
2.62792
2.69622
2.72287
2.6635
2.73147
2.74087
2.72081
2.71795
3.27141
2.7187
2.82074
2.69755
2.86238
2.62628
2.74708
2.69184
2.72833
2.70546
2.7487
2.74264
2.73988
2.73788
2.6036
2.49805
2.35627
3.58388
2.1885
2.32014
2.73263
2.70063
2.70855
2.70254
2.72294
2.71826
2.75052
2.73266
2.74724
2.71009
2.74083
2.72805
2.71472
2.72628
2.72058
2.7131
2.73146
2.80438
2.69114
2.81638
2.73449
2.79949
2.67554
2.63573
2.67112
2.69789
2.64974
2.65314
2.73942
2.70344
2.76746
2.71332
2.73913
2.76927
2.73615
2.77043
2.65121
2.67572
2.6619
2.66489
2.66588
2.65794
2.7048
2.68722
2.68879
2.70753
2.74924
2.8132
2.62189
2.70115
2.72312
2.69455
2.73378
2.68196
2.71826
2.70479
2.72076
2.71841
2.69501
2.70053
2.69718
2.7105
2.73807
2.74357
2.73292
2.72583
2.68173
2.66692
2.65705
3.60048
2.72186
2.75873
2.59001
2.68474
2.6896
2.64115
2.66777
2.70119
2.82358
2.8912
2.77677
2.7763
3.25659
2.71065
2.60389
2.43332
2.55763
2.66411
2.67133
2.71098
2.71329
3.23995
2.73385
2.74927
2.77166
2.72406
2.72554
2.61143
2.88517
2.80682
2.66287
2.69721
2.56949
2.70178
2.77031
2.61113
2.75062
2.68861
2.71445
2.58955
2.74766
2.72433
2.67071
2.70352
2.77028
2.83143
2.73767
2.82836
2.6939
2.72154
2.85467
2.711
2.71661
2.74551
2.70209
2.74617
2.72186
2.74886
2.69276
2.6314
2.64903
2.68839
2.66135
2.6637
2.70225
3.58698
2.19765
2.32567
2.86161
2.44513
2.63366
2.73404
2.76052
2.72653
2.77807
2.69902
2.72044
2.72822
2.71123
2.72488
2.73101
2.73365
2.71938
2.75141
2.30336
2.46018
3.22452
2.63001
2.85428
2.17642
3.56657
2.78443
2.77458
2.75126
2.73157
2.75711
2.77026
2.74524
2.58193
2.71666
2.1981
2.76986
2.76601
2.71372
2.76717
2.68387
2.7513
2.75586
2.7088
2.68977
2.71372
2.74252
2.68977
2.71091
2.69755
2.72223
2.71088
2.74785
2.7513
2.74252
2.71088
2.66423
2.71088
2.73043
2.66423
2.74617
2.74785
2.71372
2.68977
2.69865
2.72863
2.68937
2.76717
2.73356
2.66423
2.74252
2.73356
2.74785
2.71704
2.69865
2.85523
2.68711
2.68636
2.70158
2.69151
2.66702
2.32513
2.40876
2.72288
2.88726
2.15858
2.44312
2.53559
2.74198
2.74701
2.64794
2.50861
2.70726
2.73064
2.74128
2.7
2.97106
3.12577
2.85259
2.92297
2.96767
2.72914
2.69408
2.73725
2.65554
2.68434
2.6784
2.69581
2.68905
2.74424
2.67211
2.66
2.68403
2.68558
2.65791
2.72356
2.70196
2.71365
2.54196
2.69586
2.72699
2.65167
2.48449
2.70533
2.56169
2.70299
2.76044
2.46431
3.55978
2.63492
2.43082
2.18428
2.34169
2.6817
2.7154
2.7347
2.72743
2.67402
2.69725
2.75607
2.94977
2.64029
2.72142
2.75162
2.67327
2.73105
2.76885
2.71077
2.71464
2.81514
2.8875
2.43755
2.33492
2.20312
2.48761
2.50471
2.66576
2.57837
3.33953
2.71213
2.64291
2.74867
2.70861
2.71201
2.74409
2.7304
2.75232
2.68733
2.75063
2.69639
2.76687
2.77644
2.73889
2.73344
2.74206
2.74114
2.603
3.23174
2.76878
2.72526
3.2482
2.63069
2.69451
2.66832
2.7382
2.72334
3.28158
2.72739
2.69471
2.69959
2.70349
2.71935
2.71038
3.28158
2.80104
2.71038
2.69959
2.80588
2.72739
2.70349
2.72605
2.73022
2.69197
2.70634
2.671
2.67401
2.65208
2.30991
2.73948
2.47744
2.34756
2.18745
3.57026
2.76169
2.66909
2.73058
2.7651
3.16278
2.93236
2.76605
3.21791
2.32891
2.20295
2.36287
2.45633
2.73259
2.75135
2.71119
2.57717
2.8103
2.80037
2.61904
2.77771
2.88826
2.68774
2.75333
2.61377
3.11679
2.75317
2.76011
2.90279
2.72853
2.78673
2.71983
2.69359
2.68744
2.68474
2.73107
2.94246
2.70669
2.62223
2.72861
2.61798
2.67077
2.66528
2.71553
2.676
2.66855
2.64155
2.69831
2.69456
2.71799
2.44466
2.21676
3.60696
2.34306
2.62284
2.72539
2.77938
2.69275
2.70595
2.68013
2.72778
2.73327
2.55182
2.55416
2.59365
2.78691
2.69235
2.687
2.68163
2.74104
2.75037
2.7493
2.72402
2.7463
2.74539
2.73594
2.75674
2.69212
2.68227
2.70361
2.66617
2.7211
2.74674
2.71959
2.71784
2.72512
2.71393
2.74993
2.71165
3.27716
3.16762
3.08329
2.71915
2.45956
2.67711
3.26216
2.62669
2.76284
2.63713
2.60935
2.79161
2.61557
2.64059
2.15624
2.79405
2.73947
2.67178
2.61846
2.66733
2.66224
2.65259
2.68264
2.69615
2.63915
2.63736
2.71639
2.6002
2.57765
2.61976
2.6254
3.02437
2.74695
2.69004
2.72647
2.74466
2.6233
2.66412
2.71842
2.72825
2.74555
2.73702
2.74931
2.72168
2.69228
2.71035
2.71764
2.65253
2.72104
2.83392
2.73617
2.71988
2.70712
2.71074
2.67403
2.72734
2.65781
2.61588
2.7061
2.81867
2.75101
2.67805
2.66472
2.73056
2.73543
2.72375
2.73187
3.09325
2.72877
2.65208
2.69817
2.71516
2.72149
2.60492
3.1964
3.3658
2.48245
2.19233
2.35537
2.67193
3.57807
2.75146
2.72442
2.56823
2.57083
2.69548
2.69255
2.69321
2.68312
2.7026
2.72049
2.71016
2.69319
2.73238
2.70818
2.31356
2.34382
3.57153
2.66389
2.18684
3.57675
2.73312
2.68772
2.69085
2.73936
2.64387
2.66949
2.70835
2.75437
2.64157
2.66346
2.69514
2.73621
2.73678
2.67859
3.27218
3.16151
2.76068
2.98097
3.07761
2.73397
2.77709
3.22788
3.22788
2.68538
3.25693
2.68357
2.95121
2.70962
2.77371
2.78924
2.74044
2.62957
2.73953
2.76476
2.64048
3.18781
2.73165
2.47578
2.75893
2.68669
2.72188
2.74928
2.73353
2.77911
2.74197
2.7528
2.71152
2.70145
2.7174
2.69973
2.72817
2.69959
2.69973
2.6759
2.70145
2.72288
2.68543
2.71321
2.70496
2.70294
2.73076
2.76086
2.48164
2.73767
2.69788
2.63398
2.70077
2.75083
3.27942
2.71669
2.7988
2.59658
2.74446
3.25664
2.74131
2.66382
2.68739
2.81943
3.12994
2.70976
2.58654
2.65964
2.635
3.01974
2.89921
2.33975
3.60339
2.74165
2.76619
2.38081
2.21079
2.7577
2.64835
2.69646
2.66601
2.6963
2.61213
2.68795
2.71528
2.69733
2.70742
2.72978
2.71839
2.7456
2.63121
2.69302
2.67187
2.70721
2.68574
2.71483
2.68148
2.67494
2.68709
2.72217
2.67143
2.69494
2.66943
2.70896
2.64353
2.6777
2.66832
2.69737
2.68276
2.72487
2.71783
2.68831
2.6767
2.72191
2.70582
2.69965
2.69856
2.72768
2.70436
2.68782
2.66282
2.66522
2.66978
2.64122
2.65392
2.72222
2.688
2.75208
2.69523
2.70517
2.66977
2.7333
2.68573
2.68412
2.68817
2.65377
2.70629
2.68223
2.62005
2.67158
2.68143
2.66241
2.656
2.69154
2.69372
2.68235
2.54639
2.66713
2.69617
2.68702
2.69026
2.69837
2.70537
2.71151
2.71066
2.87611
2.67
2.68198
2.67288
2.70957
2.72972
2.73202
2.68618
2.72019
2.66691
2.69965
2.72712
2.69194
2.56359
2.67742
2.6986
2.61548
2.69913
2.66812
2.6873
2.66377
2.69545
2.67664
2.67239
2.66769
2.77446
2.69711
2.59508
2.68455
2.69024
2.71192
2.7265
2.68003
2.71728
2.69518
2.67568
2.67529
2.70466
2.66526
2.69635
2.80267
2.6688
2.65623
2.70665
2.73481
2.68868
2.71534
2.67911
2.69949
2.73924
2.67155
2.723
2.71394
2.68014
2.70671
2.70684
2.77375
2.70285
3.24609
2.71584
2.70994
2.68152
2.66633
3.2346
2.64618
2.69956
2.7126
2.70319
2.72305
2.70588
2.72047
3.26424
2.62257
2.69185
2.69438
3.27363
2.68008
2.65737
2.68623
2.70686
2.66111
2.53732
2.74974
2.73513
2.73093
2.7091
2.73422
2.71876
2.70923
2.64985
2.63669
2.73991
2.68133
2.70185
2.66569
2.77848
2.67106
2.65904
2.69955
2.89333
2.72648
2.65841
2.68453
2.6893
2.75934
2.78696
2.70194
2.70043
3.26698
2.80117
2.70525
2.43802
2.40884
2.60646
2.64199
2.16486
2.31949
2.75961
2.62755
2.67244
2.74075
2.67354
2.58632
2.71494
2.80247
2.70336
2.71404
2.70714
2.71559
2.70292
2.76739
2.84174
2.69218
2.63934
2.92744
3.08581
2.88155
2.91507
2.5876
2.65393
2.2803
2.93804
3.54564
2.3229
2.45765
2.15973
2.75406
2.71935
2.75525
2.73082
2.72939
2.74919
2.71467
2.73463
2.75447
2.74275
2.76573
2.74517
2.72169
2.81691
2.72648
2.71834
2.68474
2.69298
2.70591
2.71713
2.69865
2.73807
2.75106
2.73723
2.72486
2.75815
2.71893
2.72504
2.73639
2.69871
2.73271
2.73639
2.75106
2.74671
2.73478
2.73271
2.75016
2.69871
2.63118
2.43295
2.40295
2.45821
3.19368
2.1799
2.74075
2.85658
2.69162
2.78121
2.86094
2.72111
2.73643
2.65722
2.7003
2.69171
2.69143
2.73278
2.8826
2.70244
2.73227
2.7147
2.69258
2.73837
2.7097
2.74985
2.83457
3.52963
2.27715
2.13688
2.41823
2.58615
2.70829
2.7198
2.71908
2.7874
2.78266
2.74411
2.58487
2.91519
2.96058
3.12663
2.95913
2.63937
2.69666
2.73317
2.74226
2.77398
2.76647
2.72966
2.67382
2.74638
2.78081
2.74557
2.73131
2.80734
2.76083
2.76437
2.73858
2.78281
2.79976
2.77895
2.49066
2.32617
2.20222
3.59557
2.48118
2.65652
2.67709
2.86701
2.67726
2.76129
2.80396
3.04128
3.25371
2.74389
2.77321
2.61292
2.68241
3.2223
2.77552
2.72399
2.75204
2.72103
2.73867
2.74178
2.70219
2.73961
2.71852
2.75963
2.76136
2.70552
2.77062
2.73781
2.73654
2.76569
2.7618
2.75003
2.75069
2.76203
2.65578
2.82549
2.65762
2.65228
2.71077
2.62535
2.76901
2.73272
2.70383
2.69622
2.68551
2.72683
2.73204
2.76455
2.72213
2.73262
2.78177
2.69805
2.71973
2.73621
2.70133
2.7573
2.75409
2.73436
2.69503
2.79969
2.64124
3.13859
2.90551
3.03822
2.59965
2.68304
2.79217
2.73556
2.69559
2.73852
2.62507
2.7223
2.67411
2.78058
2.75466
2.74443
2.73327
2.71099
2.69133
2.74374
2.7251
2.68065
2.76148
2.73626
2.76232
2.77827
2.75385
2.75331
2.78032
2.74523
2.75375
2.77288
2.83053
2.71391
2.56634
2.62754
2.74848
2.74514
2.67032
2.82921
2.6123
2.67932
2.73957
2.72658
2.72926
2.73554
2.71649
2.72806
2.70047
2.71442
2.68837
2.69954
2.70319
2.67481
2.75814
2.72806
2.72954
2.70403
2.69317
2.69563
2.85888
3.32736
2.7672
2.75125
2.74133
2.54439
2.61002
2.6076
3.25434
2.73266
2.8991
2.73772
2.74021
3.28861
2.69511
2.71699
2.71138
2.69594
2.72845
2.70302
2.76091
2.72206
2.69147
2.68486
2.73505
2.73055
2.72727
2.7174
2.68547
2.66154
2.70825
2.66954
2.70601
2.71753
2.65613
2.65211
2.85543
2.31851
2.1918
2.66461
2.9089
2.7754
2.72702
2.76902
2.77097
2.76698
2.71384
2.72348
2.69873
2.74093
2.80914
3.37047
2.71573
2.67874
2.6649
2.69502
2.71628
2.72321
2.69595
2.65975
2.6644
2.7054
2.68486
2.68664
2.70669
2.6705
2.68773
2.66439
2.67643
2.6619
2.66298
2.67342
2.72654
3.15048
2.75408
2.71515
2.66778
2.71022
2.72861
2.72832
2.7783
2.69553
2.63059
2.75392
2.69949
2.68093
2.67778
2.71341
2.59996
3.28201
2.77697
2.79073
2.59519
3.20973
2.74495
2.63052
3.26751
2.68827
2.76269
2.7331
2.61461
2.65764
2.68589
2.68167
2.68096
2.69457
2.67032
2.65688
2.64385
2.69322
2.65005
2.68906
2.66073
2.66341
2.65895
2.65691
2.69976
2.66222
2.66156
2.6535
2.62817
2.67959
2.66958
2.6783
2.7198
2.72438
2.72408
2.73659
2.74703
3.23585
2.74772
2.88363
2.7286
2.74243
3.273
2.71131
2.70487
3.25442
2.64828
2.72762
2.66469
2.78115
2.71098
2.69395
2.76649
2.79262
2.70857
2.76726
2.70134
2.76347
2.71958
2.6904
2.71554
2.6109
2.7385
2.6687
2.19056
3.58003
2.47652
2.44451
2.32181
2.6491
3.57678
3.1974
2.34807
2.6687
3.3652
2.47652
2.44451
2.19056
2.32181
2.71558
2.71126
2.73271
2.72271
2.70349
2.76349
2.60791
2.55079
2.73436
2.72947
2.68659
2.69422
2.71051
2.72661
2.71244
2.73183
2.75574
2.73247
2.73735
2.62822
2.64708
2.76419
2.72635
2.70158
3.24
2.69983
2.66209
2.42784
2.72471
2.74597
2.67294
2.70787
2.71313
2.65583
2.71165
2.73266
2.71358
2.72652
2.75445
2.71511
2.72506
2.82851
2.71106
2.7089
2.69525
2.71219
2.70148
2.72421
2.75646
2.57679
2.73702
2.77687
2.71627
2.57123
2.646
2.75968
2.70183
2.70693
2.70699
2.64978
2.31044
2.7097
2.67434
2.69194
2.71089
2.7788
2.62843
2.62644
2.6879
2.71348
2.71529
2.71107
2.7479
2.73501
2.72768
2.67085
2.70806
2.70774
2.81589
2.75278
2.67457
2.66984
2.67443
3.18799
2.6521
2.73702
2.77646
2.70153
2.71332
2.72653
2.77516
2.71522
2.81217
2.78297
2.67304
2.64272
2.66143
2.6929
2.69489
2.71674
2.58367
2.732
2.72835
2.73638
2.69754
2.71342
2.73427
2.75138
2.71885
2.73841
2.74291
2.74542
2.71847
2.69927
2.71991
2.74499
2.69086
2.68226
2.7503
2.77681
2.73369
2.70128
3.24618
3.27945
3.28813
2.6727
3.0808
2.93962
2.89797
2.6225
3.10474
3.25854
2.44054
3.05553
2.72479
2.72752
2.71288
2.71867
2.70964
2.70309
2.72195
2.71198
2.70132
2.68314
2.72999
2.48035
3.30471
2.66067
3.25628
3.28555
2.82141
2.72516
2.68728
2.65792
2.71538
2.73033
2.6934
3.31391
2.79201
2.78883
2.72532
2.70899
2.75136
2.7093
2.69578
2.45166
2.56564
2.6752
2.69231
2.68854
2.72556
2.69341
2.73378
2.71583
2.69097
2.81528
2.71371
2.76817
2.73924
2.73884
2.6665
2.92584
2.68625
2.72986
2.71287
2.74061
2.70476
2.7374
2.71155
2.81659
2.73726
2.75146
2.71338
2.88786
2.71059
2.6272
2.68708
3.12645
2.74374
2.46525
2.64263
2.80119
3.2371
3.20954
2.74299
2.73405
3.26493
3.28171
2.74606
2.78583
2.67262
2.74146
2.69542
2.68451
2.75336
2.68889
2.74317
2.72631
2.71282
2.69158
2.61187
3.03108
2.53488
3.35262
2.69842
2.66174
2.77971
2.81507
2.64175
2.72706
2.73672
2.70584
2.94127
2.7095
2.6428
2.78746
2.64584
2.67503
2.78696
2.69991
2.88004
2.71071
2.4659
2.34838
2.74578
3.57314
2.18568
2.46808
2.70865
2.77324
2.95081
2.74503
2.7131
2.82758
2.72392
2.73665
2.72095
2.75221
2.72151
2.72686
2.53463
2.70912
2.77369
2.64985
2.75421
2.88308
2.70226
2.34055
3.22198
2.84018
2.77525
2.79109
2.76546
2.77034
2.70211
2.73361
2.46293
3.25707
2.77942
2.21465
2.68173
2.72169
2.69229
2.71238
2.7101
2.61543
2.69149
2.67595
2.6834
3.27571
2.64938
2.69776
2.66709
2.80165
2.72421
2.67695
2.66405
3.29468
2.66024
3.29706
2.82403
2.48055
2.78571
2.70303
2.69117
2.68935
2.70273
2.68891
2.69465
2.60584
2.7706
2.63179
2.43026
3.25565
2.73737
2.66164
3.19971
2.67894
2.69742
3.24139
2.72791
2.71654
2.76642
2.71214
2.87906
2.72521
2.74622
2.72598
2.74082
2.73069
2.79379
2.74303
2.68339
2.72056
2.7095
2.715
2.68104
2.70755
3.29512
2.66583
2.61806
2.67619
2.84095
3.18911
2.62714
2.70446
2.70771
2.68496
2.71477
2.68365
2.69541
2.69444
2.68297
2.70021
2.72492
2.7087
2.69023
2.72841
2.72178
2.70232
2.71868
2.72851
2.70837
2.70903
2.71266
2.66228
2.6818
2.67714
2.67871
2.69896
2.70051
2.69038
2.58138
2.7383
2.62354
3.28103
2.61752
2.65095
2.68934
2.68186
2.70042
2.6614
2.68568
2.68833
2.73711
2.69952
2.74192
2.63882
2.97403
2.75911
2.75365
2.62717
2.48006
3.28041
3.17092
3.24465
3.08946
2.75935
3.13749
2.99602
3.29676
2.86447
2.67551
2.73978
2.66027
2.76778
2.7359
2.75687
2.76863
2.69417
2.6977
2.68591
2.7048
2.76636
2.74121
2.65553
2.66161
2.69628
2.67869
2.68966
2.56755
2.67305
2.65182
2.67279
2.64954
2.6981
2.77075
2.74627
2.74185
2.67256
2.71199
2.76747
2.75216
2.75973
2.75851
2.69826
2.77748
2.76386
2.74063
2.75919
2.80974
2.75379
2.78554
2.74545
2.76187
2.77795
2.65327
2.73529
2.73449
2.71801
2.75323
2.73129
2.97484
2.7394
2.73512
2.7528
2.6878
2.75936
2.47481
2.47554
2.42195
2.76126
3.19524
3.11778
2.35805
3.3631
2.18733
2.9334
2.87318
3.57542
3.23496
3.58188
2.76195
2.74683
2.73627
2.73399
2.73627
2.75166
2.75572
2.68817
2.75572
2.75166
2.74683
2.69898
2.72624
2.71994
2.7418
2.72526
2.72441
2.71877
2.94101
2.94468
2.73938
2.81725
2.73132
2.73719
2.64505
2.69513
2.63572
3.56996
2.84427
2.30846
2.76461
2.77042
2.88973
2.77143
2.80897
2.63064
2.60132
2.71714
2.74198
2.67851
2.70612
2.69041
2.62755
2.69826
2.74705
2.68831
2.6939
2.65151
2.70219
2.69349
2.75629
3.21696
2.72568
2.67954
2.72266
2.73256
2.97976
2.71832
2.85291
2.69267
3.22
2.68357
2.66159
2.63566
3.11892
3.22941
2.65473
2.80231
2.70714
2.72118
2.74656
2.76966
2.68333
2.62701
2.91461
2.66967
2.71305
2.65865
2.73198
2.75353
2.75156
2.73603
2.7256
2.74573
2.7156
2.70964
2.72733
2.71632
2.71918
2.5952
3.23536
2.77784
2.66623
2.60923
2.73248
3.21047
2.65978
3.25357
3.35527
2.53543
3.02553
2.66604
2.70514
2.64066
2.72782
2.6747
2.70628
2.73333
3.34236
2.69067
2.75095
2.94115
2.62601
2.78759
2.60561
2.75224
2.74153
2.8158
2.72886
2.71633
2.71667
2.70767
3.29908
2.5966
2.63293
3.27758
2.72869
2.74165
2.60444
2.95304
2.62758
2.91299
2.85872
2.71988
2.66323
3.28138
3.16932
2.75418
2.65925
2.65884
2.67794
2.74045
2.68629
2.75169
2.74528
2.68899
2.72903
2.66962
2.6973
2.67806
2.67578
2.76251
2.66416
2.64158
2.6386
2.60848
2.50613
2.67269
2.75236
2.79977
2.63095
3.27352
2.7491
2.78519
2.69737
2.65741
2.65376
2.74698
2.68907
2.69635
2.72655
2.78206
2.68738
2.75949
2.67975
2.72456
2.71635
2.72464
2.7316
2.7082
2.77327
2.72757
2.73797
2.78417
2.7319
2.72478
2.57566
2.7661
2.72228
2.76196
2.72388
2.68802
2.73945
2.72188
2.74277
2.77338
2.71015
2.71398
2.6357
2.77075
2.57339
2.70614
2.74836
2.76797
2.72171
2.60818
2.72984
2.74879
2.90719
2.68882
2.71768
2.73032
2.72334
2.72359
2.71582
2.6896
2.61851
3.53175
2.59378
2.41955
2.13521
2.26282
2.82045
2.70067
2.68441
2.77783
2.71909
2.65396
2.68737
2.67081
2.71125
2.68793
2.66627
2.74415
2.69463
2.73092
2.65644
2.66724
2.71523
2.70987
2.717
2.78015
2.74693
2.75171
2.73627
2.74952
2.72902
2.70638
2.68835
2.68325
2.72421
2.73103
2.72581
2.72604
2.74671
2.68861
2.67899
2.71779
2.69453
2.71164
2.7101
2.69811
2.7249
2.69898
2.72265
2.75153
2.67518
2.71714
2.7094
2.70466
2.70445
2.74847
2.68339
2.71524
2.67149
2.69471
3.58439
2.18839
2.75337
2.3602
3.36347
2.32321
2.75198
2.70937
2.75291
2.72736
2.68361
2.6904
2.70772
2.69607
2.64297
2.69371
2.75987
2.7312
3.35295
2.74669
2.75419
2.74358
2.76506
2.73201
2.76469
2.75722
2.79025
2.76489
2.77998
3.15669
3.26925
2.91349
2.95179
2.72755
2.45696
3.25578
3.08282
2.7272
2.72272
2.70222
2.71105
2.78679
2.69593
2.85583
2.74013
2.84708
2.68655
2.70855
2.69183
3.2951
2.82302
2.66712
2.48272
3.30172
2.73054
2.7048
2.5942
2.69794
2.72291
2.73738
2.68547
2.76111
2.68544
2.71887
2.72823
2.73057
2.7265
2.30054
2.34116
2.40275
3.56612
3.1022
2.16726
2.42256
2.73273
2.72348
2.67333
2.69827
3.22043
2.48651
2.73633
2.55152
2.71642
2.68416
2.63848
2.65008
2.7272
2.68398
3.34721
2.67853
2.51474
2.78301
2.75721
2.7001
2.85307
2.76233
2.73871
2.69778
2.68221
2.6739
2.67861
2.74597
2.67595
2.65538
2.65409
2.59316
2.68007
2.70211
2.69566
2.72161
2.78383
2.75544
2.72322
2.72456
2.76613
2.721
2.65149
2.72665
2.70837
2.72068
2.70283
2.64044
2.66289
2.71652
2.7104
2.70804
2.70161
3.22517
2.73887
3.13881
3.22838
2.93551
3.20437
3.25043
2.9616
2.72625
2.72517
2.7048
2.71571
2.69156
2.75971
2.73778
2.70149
2.72551
2.56664
2.67534
2.70459
2.71371
2.71245
2.6949
2.63927
2.66977
2.70157
2.66134
2.72739
2.66928
2.70132
2.73395
2.72633
2.62373
2.68641
3.38039
2.73056
2.73123
2.70472
2.68346
2.70696
2.69671
2.74019
2.78524
2.67104
2.72479
2.80231
2.65859
2.74726
2.73364
2.76024
2.77992
2.79488
2.75737
2.72162
2.78488
2.68971
2.72283
2.69422
2.7174
2.75116
2.71488
2.71118
2.37956
2.69665
2.44802
3.6018
2.33869
2.21751
2.94942
2.7114
2.74451
2.70077
2.69599
2.70556
2.83093
2.75437
2.77538
2.7114
2.7576
2.75667
2.70077
2.69599
2.73667
2.74944
2.74577
2.75437
2.74919
2.76726
2.70105
2.71936
2.6853
2.67177
2.67611
2.67179
2.7746
2.76574
2.76229
2.71652
2.74306
2.72644
2.77257
2.69016
2.68992
2.68902
2.73026
2.69008
2.69616
2.68342
2.72164
3.37263
2.73565
3.04384
2.60347
2.68905
2.72591
2.71297
2.74689
2.75328
2.71874
2.69231
2.73682
2.22163
3.38905
3.22689
2.78101
2.72205
3.28646
2.74966
2.68232
2.63569
3.27163
2.70026
2.68406
2.67115
2.74599
2.70075
2.73192
2.92231
2.75141
2.69101
2.8896
2.73263
2.71105
2.69922
2.70231
2.69609
2.69417
2.71448
2.70525
2.69821
2.73869
2.6966
2.7224
2.76091
2.65973
2.71812
2.73759
2.69775
2.71224
2.73237
2.69161
2.67822
2.72766
2.73504
2.72675
2.82603
2.79498
2.71246
2.74492
2.72965
2.7015
2.65737
2.73109
2.68936
2.76465
2.7402
2.59288
2.66816
2.6624
2.71957
2.6335
2.70486
2.71657
2.67921
2.70868
2.71998
2.60501
2.63421
2.82002
2.76846
2.62692
2.67283
2.32675
2.77182
2.71779
3.59258
2.67342
2.7236
2.73918
2.73812
2.74781
2.72144
2.72502
2.73293
2.71281
2.70454
2.71546
2.78149
2.75374
2.74903
2.69019
2.74503
2.7421
2.72258
2.71288
2.70382
2.71915
2.75975
2.67448
2.72592
2.71154
2.72617
2.71668
2.74836
2.73617
2.70632
2.73107
2.72468
2.7287
2.70072
2.70549
2.78492
2.73278
2.74156
2.75468
2.72964
2.71741
2.72975
2.69637
2.72296
2.4376
2.6898
3.2514
2.70744
2.93046
2.72155
2.6243
3.23667
2.66632
3.13473
2.70978
2.69053
2.58716
2.73853
2.72208
2.71002
2.79194
2.74165
3.26432
2.65809
2.60948
2.6613
3.25384
3.21941
3.28285
2.73486
2.77189
2.72283
2.75129
2.72106
2.71282
2.72991
2.73389
2.69097
2.72764
2.72457
2.70777
2.71466
2.73922
2.75628
2.85479
2.68013
2.69992
2.78903
3.25385
2.69706
2.72123
2.7403
2.72395
2.7247
2.72298
2.7279
2.71754
2.73687
2.73943
2.77213
2.75095
2.74222
3.1774
3.23513
3.2499
2.42236
2.66144
3.19852
2.73386
2.77849
2.59954
2.65502
2.66776
2.5202
2.73528
3.01461
2.66132
2.66327
2.71761
2.71315
2.65701
2.71713
2.67549
2.73085
