2.01428
2.00834
2.00897
2.01834
2.0384
2.04641
2.02592
2.19972
2.18042
2.19035
2.20282
2.17083
2.20217
2.20029
2.16996
2.16989
2.19871
2.25756
2.10341
2.2651
2.31197
2.5408
2.17939
2.3174
2.31461
2.32726
2.33511
2.33603
2.32127
2.44246
2.30474
2.40307
2.44387
2.46479
2.35757
2.48257
2.23269
2.20351
2.21582
2.20959
2.21221
2.21903
2.02243
2.00842
2.0235
2.03555
2.04707
2.02665
2.02446
2.16021
2.15825
2.1498
2.15602
2.15926
2.16726
2.47115
2.16865
2.35114
2.43959
2.21949
2.19844
2.42564
2.40752
2.2639
2.29122
2.23567
2.32832
2.27257
2.51282
2.24878
2.26599
2.24373
2.39921
2.12344
2.24279
2.15584
2.15179
2.13924
2.13713
2.14485
2.15682
2.20025
2.24906
2.20427
2.171
2.1944
2.20871
2.19933
2.20197
2.15475
2.25496
2.23249
2.20092
2.21167
2.27434
2.2574
2.27833
2.25656
2.27274
2.25572
2.29032
2.20941
2.23489
2.25726
2.36939
2.3181
2.2068
2.22518
2.18235
2.25813
2.22608
2.2121
2.19353
2.24478
2.04384
2.1193
2.06606
2.06114
2.05581
2.06459
2.24445
2.15854
2.44236
2.32725
2.19569
2.21079
2.21238
2.18721
2.40275
2.31439
2.4177
2.33503
2.30829
2.31796
2.30654
2.24784
2.35821
2.34557
2.36345
2.35532
2.33964
2.35329
2.34399
2.3529
2.30393
2.19069
2.17981
2.17638
2.19822
2.18898
2.18406
2.07124
2.11597
2.13636
2.08341
2.19045
2.22207
2.2104
2.22588
2.23609
2.2141
2.21868
2.32873
2.36336
2.47628
2.2753
2.42725
2.47288
2.469
2.46008
2.19215
2.2441
2.25637
2.2607
2.08927
2.32261
2.24582
2.24116
2.23066
2.24521
2.27229
2.29573
2.1624
2.05363
2.0776
2.07353
2.23876
2.09844
2.2453
2.26612
2.22615
2.24773
2.26286
2.24773
2.25934
2.24791
2.22872
2.29035
2.23939
2.26467
2.21075
2.19672
2.11922
2.11134
2.57757
2.09632
2.2392
2.25355
2.25754
2.25537
2.32307
2.23417
2.26278
2.26466
2.21701
2.26633
2.28599
2.25247
2.45354
2.23379
2.23904
2.25027
2.49925
2.24326
2.37574
2.37623
2.26773
2.25695
2.34906
2.27879
2.32081
2.33731
2.25028
2.20177
2.15648
2.18446
2.1265
2.18129
2.15232
1.99699
2.10277
1.94263
2.16536
2.40786
2.29678
2.31396
2.30886
2.31074
2.3114
2.29567
2.36277
2.16925
2.21055
2.30813
2.20782
2.14212
2.27197
2.32969
2.31087
2.21927
2.20655
2.23007
2.21455
2.23462
2.2186
2.22415
2.20752
2.22332
2.22173
2.20335
2.22111
2.23082
2.11835
2.14355
2.21096
2.03012
2.19167
2.39359
2.18789
2.37058
2.21399
2.19922
2.1836
2.44924
2.2542
2.44794
2.21136
2.1191
2.38028
2.23698
2.09475
2.22811
2.35769
2.13175
2.21371
2.24499
2.23719
2.45946
2.23081
2.33132
2.06282
2.07163
2.17937
2.0503
2.08806
2.05884
2.11507
2.07941
2.10728
2.08393
2.14728
2.13828
2.11821
2.11
2.11405
2.11739
2.12849
2.38508
2.16389
2.19217
2.36877
2.28706
2.26711
2.18073
2.60978
2.25154
2.20296
2.19528
2.17367
2.21623
2.2216
2.22305
2.20282
2.22964
2.1918
2.14646
2.14227
2.22032
2.18673
2.20017
2.5909
2.31013
2.34193
2.25104
2.35018
2.19503
2.33899
2.67997
2.33725
2.13709
2.26392
2.15166
2.08144
2.31143
2.23889
2.28264
2.27441
2.50973
2.30292
2.24982
2.13959
2.12093
2.10232
2.63134
2.10728
2.05031
2.21282
2.24875
2.22497
2.29453
2.25243
2.24793
2.30077
2.5975
2.19016
2.19321
2.21891
2.17909
2.25181
2.26699
2.17368
2.12139
2.63879
2.2611
2.57356
2.66222
2.29562
2.15328
2.36646
2.37917
2.02636
2.1743
2.3084
2.55743
2.46282
2.02877
2.57301
2.03362
2.2826
2.0684
2.03628
2.3343
1.97182
2.25042
2.28296
2.34074
2.2486
2.25893
2.47027
2.18509
2.44505
2.15386
2.19803
2.11707
2.16011
2.24239
2.21445
2.25437
2.19172
2.32829
2.28552
2.27116
2.1807
2.17895
2.20488
2.11536
2.33169
2.15063
2.21715
2.20242
2.28316
2.1891
2.24703
2.1965
2.20101
2.24497
2.10974
2.2078
2.20865
2.13687
2.22978
2.16917
2.30866
2.21786
2.27012
2.26689
2.2437
2.19493
2.25134
2.23103
2.22674
2.23412
2.21124
2.26422
2.22371
2.23383
2.2304
2.23928
2.25349
2.2376
2.26322
2.26053
2.24636
2.26097
2.22202
2.25458
2.23659
2.25223
2.23893
2.24076
2.24215
2.24192
2.24388
2.21026
2.23722
2.25646
2.23839
2.25638
2.23578
2.27112
2.24598
2.25527
2.27148
2.23245
2.24761
2.28208
2.25099
2.2568
2.2425
2.23596
2.25669
2.27629
2.24511
2.17842
2.22772
2.23316
2.22241
2.35001
2.49669
2.34422
2.09205
2.48537
2.23311
2.20769
2.2321
2.20297
2.14626
2.1575
2.21169
2.3172
2.55986
2.25984
2.34985
2.32244
2.39327
2.10736
2.25623
2.49446
2.19703
2.23185
2.56572
2.26619
2.2205
2.21354
2.2305
2.35891
2.30302
2.35301
2.39497
2.42359
2.21315
2.21071
2.23998
2.21225
2.25515
2.2271
2.22996
2.26981
2.24774
2.24009
2.26176
2.24818
2.23226
2.24778
2.24369
2.23799
2.27541
2.22279
2.25966
2.27325
2.24482
2.15479
2.24609
2.21139
2.28919
2.21985
2.25933
2.24025
2.2434
2.24542
2.21835
2.2347
2.18728
2.23959
2.24776
2.2134
2.24146
2.24148
2.25935
2.20562
2.24952
2.25327
2.24317
2.24206
2.24119
2.26555
2.25696
2.24663
2.26046
2.24225
2.24468
2.25612
2.23212
2.26315
2.29768
2.24246
2.2745
2.23431
2.23022
2.24007
2.3198
2.24251
2.24365
2.2598
2.26385
2.22441
2.23188
2.25035
2.25765
2.21055
2.30155
2.25742
2.24449
2.53055
2.32732
2.35835
2.32455
2.1431
2.20211
2.3316
2.27017
2.3712
2.20094
2.19073
2.33026
2.20673
2.16741
2.17784
2.20509
2.18134
2.32359
2.2904
2.28579
2.31006
2.29893
2.2786
2.27441
2.14346
2.15717
2.30451
2.29692
2.1312
2.24035
2.22232
2.27102
2.35019
2.18065
2.14925
2.20255
2.16237
2.20988
2.18764
2.19458
2.35598
2.21894
2.24856
2.25775
2.26638
2.26574
2.24689
2.56348
2.18127
2.07997
2.02567
2.26484
2.28105
2.22247
2.19072
2.16208
2.12214
2.07482
2.32284
2.2071
2.11596
2.22398
2.26718
2.27913
2.27731
2.25141
2.26097
2.26952
2.10103
2.07431
2.22033
2.07482
2.0296
2.37486
2.31155
2.32494
2.32108
2.32472
2.32249
2.30796
2.29698
2.23395
2.27584
2.29322
2.21124
2.27078
2.3709
2.08977
2.1374
2.14232
2.16763
2.15533
2.08698
2.09557
2.28747
2.28648
2.27803
2.29595
2.27633
2.2809
2.26436
2.27878
2.29024
2.30693
2.27357
2.29342
2.32616
2.21986
2.26796
2.27201
2.19189
2.29018
2.26528
2.27874
2.12362
2.11126
2.11897
2.08377
2.10142
2.11015
2.03465
2.38829
2.05876
2.27563
2.08864
2.4239
2.19648
2.35644
2.4738
2.37081
2.17363
2.49287
2.22272
2.23574
2.19388
2.48183
2.22986
2.3514
2.27945
2.15301
2.29545
2.25781
2.20335
2.30625
2.27084
2.20259
2.26941
2.26021
2.25049
2.24994
2.25158
2.22964
2.23396
2.27461
2.26005
2.25116
2.24254
2.22964
2.25943
2.25037
2.27681
2.25617
2.26154
2.23805
2.11533
2.06668
2.65832
2.28727
2.31522
2.41077
2.38729
2.32062
2.3683
2.30957
2.36381
2.35386
2.36099
2.42565
2.44539
2.24356
2.20711
2.31538
2.44295
2.17028
2.13597
2.14813
2.13075
2.16108
2.17115
2.2559
2.12945
2.224
2.27852
2.25203
2.16476
2.11938
2.24662
2.21837
2.21975
2.22897
2.24779
2.22216
2.18583
2.40993
2.36156
2.22846
2.16303
2.41691
2.19361
2.31647
2.31348
2.30216
2.26042
2.30317
2.30072
2.22495
2.22398
2.25707
2.24362
2.61091
2.23344
2.26615
2.25903
2.26919
2.32649
2.24213
2.24561
2.25488
2.15156
2.25044
2.48101
2.42289
2.24589
1.97905
2.05238
2.06929
2.05462
2.08096
1.97946
2.07192
2.0594
2.23585
2.23519
2.24082
2.20736
2.24117
2.25604
2.12579
2.18677
2.14754
2.15022
2.20727
2.22049
2.07064
2.15933
1.89091
2.24663
2.13373
2.39166
2.156
2.05829
2.34603
2.55895
2.23275
2.11367
2.12572
2.2991
2.31549
2.32254
2.30137
2.30478
2.322
2.15979
2.06114
1.99698
2.04603
2.31502
2.1971
2.04196
2.15628
2.03672
2.03071
1.97957
2.43965
2.07202
2.23037
2.2453
2.25222
2.23072
2.23561
2.24839
2.2363
2.26091
2.19679
2.24398
2.36619
2.27715
2.25421
2.21851
2.27097
2.27502
2.2478
2.25996
2.25025
2.2965
2.4006
2.35713
2.26421
2.304
2.21307
2.65188
2.50254
2.12275
2.15356
2.16709
2.42109
2.14561
2.22831
2.19667
2.22839
2.29438
2.23334
2.21277
2.28918
2.28483
2.17654
2.12929
2.13414
2.20269
2.1901
2.14549
2.30782
2.46573
2.36045
2.39635
2.25473
2.2991
2.18416
2.18635
2.19269
2.17695
2.18404
2.18658
2.5326
2.1683
2.14608
2.10795
2.16456
2.19706
2.10889
2.15307
2.25041
2.34429
2.22515
2.18974
2.444
2.43088
2.07634
2.23342
2.25705
2.45915
2.1963
2.47398
2.20342
2.23043
2.22564
2.2154
2.23303
2.1867
2.57723
2.21698
2.1819
2.17078
2.19482
2.23478
2.25697
2.24118
2.15691
2.18229
2.18683
2.17929
2.17846
2.18458
2.18534
2.20472
2.22845
2.24619
2.25354
2.2506
2.20783
2.50041
2.0905
2.3968
2.63188
2.04336
2.3898
2.10914
2.07304
2.6475
2.12968
2.45843
2.24995
2.29707
2.31335
2.29183
2.35022
2.30147
2.30142
2.30476
2.06186
2.35765
2.27724
2.11063
2.60715
2.15023
2.28336
2.216
2.43649
2.19591
2.27406
2.13682
2.08473
2.08155
2.07714
2.08645
2.08001
2.07922
2.08599
2.05028
2.3149
2.30096
2.31103
2.30228
2.40588
2.65174
2.27656
2.22341
2.26068
2.28945
2.28511
2.26943
2.30392
2.201
2.10101
2.37132
2.16052
2.14442
2.14008
2.15212
2.12565
2.12967
2.27246
2.22647
2.24968
2.30131
2.22842
2.23412
2.23702
2.264
2.2797
2.26605
2.25729
2.56535
2.08232
2.27669
2.24462
2.24419
2.28488
2.26842
2.25076
2.14325
2.11582
2.21334
2.10785
2.05751
2.61958
2.42551
2.18359
2.19237
2.20451
2.12586
2.20749
2.17816
2.18669
2.20416
2.18731
2.28784
2.21124
2.15552
2.23531
2.20839
2.41636
2.30164
2.22456
2.48659
2.28617
2.21164
2.21163
2.21552
2.24648
2.20844
2.22458
2.22046
2.11898
2.13571
2.1422
2.14532
2.12689
2.15221
2.106
2.13831
2.1008
2.14006
2.15605
2.1596
2.14044
2.15324
2.13569
2.20706
2.10204
2.1408
2.11438
2.27344
2.24377
2.25433
2.1937
2.24222
2.20882
2.20634
2.20777
2.19515
2.22413
2.19704
2.26251
2.25565
2.25649
2.2521
2.10919
2.20825
2.2413
2.15169
2.05748
2.26041
2.06928
2.38333
2.15881
2.21035
2.34724
2.0963
2.18313
2.20569
2.17401
2.19091
2.1295
2.23109
2.13557
2.31611
2.12334
2.23497
2.57939
2.21206
2.27081
2.33927
2.29942
2.26715
2.21018
2.31379
2.4072
2.22411
2.24001
2.20077
2.20784
2.20694
2.19098
2.21061
2.19773
2.27946
2.21277
2.22103
2.19767
2.26406
2.21814
2.44721
2.22812
2.22459
2.21293
2.14031
2.19624
2.23881
2.16121
2.16282
2.13971
2.24421
2.22918
2.20924
2.20917
2.22202
2.23855
2.20239
2.23237
2.22375
2.23075
2.2853
2.20706
2.36237
2.24301
2.52132
2.28948
2.03798
2.16158
2.27167
2.61126
2.60905
2.08798
2.006
2.014
2.01636
2.01106
2.00762
2.02954
2.24948
2.25894
2.21547
2.23392
2.2849
2.27895
2.46414
2.23394
2.4085
2.41569
2.21504
2.36607
2.05014
2.17607
2.0344
2.34916
2.1409
2.11412
2.01888
2.25349
2.28073
2.30625
2.32445
2.26646
2.32188
2.19641
2.19641
2.23598
2.21739
2.18689
2.20336
2.26099
2.20336
2.18689
2.21739
2.23598
2.22655
2.20511
2.23084
2.23095
2.25077
2.19072
2.24265
2.37171
2.24354
2.28189
2.16895
2.50118
2.49852
2.46571
2.26814
2.17553
2.18508
2.17066
2.16478
2.16856
2.18247
2.21982
2.24332
2.2133
2.2712
2.11525
2.24509
2.16631
2.1542
2.14771
2.16247
2.15468
2.185
2.15674
2.19128
2.19355
2.35871
2.33166
2.11354
2.22417
2.08274
2.15099
2.26621
2.19535
2.39675
2.39937
2.30218
2.40105
2.34554
2.17819
2.13763
2.04756
2.02337
2.191
2.13824
2.39937
2.27932
2.29676
2.28243
2.42539
2.25209
2.28342
2.30753
2.22736
2.27644
2.20952
2.13365
2.15389
2.19111
2.18732
2.17611
2.21428
2.15857
2.34915
2.49757
2.11822
2.23648
2.46711
2.14585
2.26266
2.24141
2.26282
2.2268
2.28367
2.24831
2.36803
2.27877
2.32044
2.35071
2.50628
2.27063
2.1346
2.20463
2.23865
2.16593
2.65447
2.64862
2.24141
2.09139
2.14184
2.24969
2.2551
2.24665
2.25455
2.27549
2.39268
2.23634
2.11305
2.22819
2.62336
2.19424
2.05304
2.61935
2.30192
2.27785
2.29008
2.29428
2.24537
2.28578
2.29812
2.24875
2.26542
2.27194
2.26317
2.26513
2.25049
2.19898
2.1713
2.21384
2.43634
2.18505
2.20647
2.20533
2.18807
2.18357
2.19772
2.19738
2.19844
2.25084
2.20453
2.2678
2.40326
2.46519
2.31815
2.22297
2.26049
2.23083
2.27839
2.49828
2.50458
2.17338
2.20236
2.16967
2.54492
2.20844
2.199
2.19184
2.20027
2.18969
2.23939
2.28496
2.2689
1.89821
1.95327
2.03376
1.97296
2.15566
2.51785
2.29662
2.62062
2.22455
2.55096
2.27426
2.06277
2.24181
2.26087
2.22768
2.21055
2.26367
2.23941
2.14741
2.15919
2.1753
2.40428
2.2169
2.17822
2.18539
2.20048
2.1603
2.17474
2.18323
2.13269
2.18089
2.12631
2.21702
2.11396
2.61191
2.30651
2.35315
2.01804
2.08339
2.05177
2.07653
2.06481
2.05713
2.25542
2.24368
2.27719
2.30836
2.32363
2.21743
2.40157
2.16026
2.26331
2.17495
2.17973
2.15808
2.18766
2.14314
2.20069
2.38556
2.27389
2.21515
2.21231
2.18283
2.02103
2.07632
2.06623
2.20307
2.59196
2.38458
2.18487
2.62557
2.16192
2.43251
2.17719
2.2236
2.42312
2.21668
2.11901
2.2139
2.20992
2.21311
2.20663
2.21188
2.28141
2.23955
2.19934
2.21841
2.23955
2.1804
2.27816
2.22538
2.25353
2.24828
2.23495
2.2766
2.24221
2.24873
2.2457
2.23236
2.22031
2.26869
2.24521
2.24486
2.17495
2.19626
2.18032
2.17981
2.17933
2.18981
2.18296
2.19435
2.18734
2.22249
2.18731
2.18818
2.16658
2.17681
2.18309
2.20163
2.18293
2.2423
2.26139
2.19486
2.19644
2.23241
2.20871
2.20951
2.52502
2.05988
2.10832
2.10653
2.2918
2.28317
2.51496
2.63741
2.37248
2.28694
2.2764
2.2141
2.26093
2.29877
2.28214
2.2891
2.31315
2.22155
2.2825
2.26805
2.24649
2.27182
2.24703
2.2571
2.25721
2.28138
2.43589
2.30493
2.33647
2.32333
2.40389
2.3203
2.27221
2.24695
2.52311
2.20606
2.60772
2.21321
2.10338
2.1325
2.1033
2.16299
2.08152
2.03535
2.26132
2.26843
2.25234
2.09878
2.1904
2.20556
2.32132
2.04855
2.17978
2.04933
2.09019
2.05502
2.55872
2.14377
2.06909
2.05068
2.04978
1.99162
2.45095
2.29277
2.33488
2.31343
2.30438
2.30682
2.34038
2.26987
2.28806
2.31431
2.28956
2.28093
2.29767
2.30512
2.29891
2.29352
2.3254
2.29786
2.31372
2.27307
2.26413
2.28416
2.27449
2.2715
2.27601
2.2778
2.27419
2.26996
2.20426
2.22449
2.15181
2.16115
2.25237
2.2406
2.221
2.21511
2.24129
2.22359
2.23805
2.17743
2.18509
2.21535
2.26055
2.23557
2.23146
2.17159
2.19761
2.17454
2.16542
2.18009
2.21951
2.47648
2.36252
2.39193
2.35631
2.38434
2.35607
2.23559
2.22846
2.29437
2.18841
2.34488
2.25412
2.33255
2.27554
2.2888
2.32424
2.2482
2.28278
2.23173
2.20014
2.22596
2.23144
2.23386
2.23144
2.23786
2.21608
2.23386
2.19513
2.19513
2.21514
2.22242
2.09047
2.20293
2.18713
2.18292
2.13624
2.17395
2.1767
2.16756
2.17393
2.20415
2.4163
2.19134
2.11582
2.24607
2.26531
2.61878
2.13856
2.04683
2.20995
2.20884
2.2305
2.23063
2.22309
2.19943
2.2939
2.42123
2.32519
2.2602
2.36019
2.25089
2.25531
2.26295
2.2604
2.19521
2.22788
2.26302
2.2142
2.17424
2.43505
2.08061
2.1732
2.23076
2.19991
2.23653
2.22934
2.24851
2.26285
2.23699
2.15239
2.23819
2.2359
2.16695
2.14512
2.67835
2.19166
2.26495
2.09938
2.24253
2.24576
2.15775
2.18283
2.25472
2.2309
2.25255
2.24308
2.26216
2.27338
2.23272
2.28461
2.27881
2.2216
2.25542
2.41139
2.07109
2.46281
2.41262
2.39809
2.17143
2.1472
2.04463
2.2204
2.2857
2.34518
2.33085
2.39016
2.33686
2.35259
2.24698
2.35643
2.32043
2.23861
2.36284
2.34188
2.27493
2.36797
2.2766
2.23965
2.26907
2.29498
2.30962
2.26913
2.28311
2.20087
2.56521
2.22797
2.21558
2.18503
2.18583
2.02822
1.95968
1.93558
1.98329
2.11651
2.009
2.13677
2.20583
2.21411
2.18126
2.11861
2.14305
2.28155
2.31083
2.28898
2.29363
2.26455
2.29527
2.22204
2.26677
2.09662
2.27216
2.2548
2.24474
2.2336
2.43114
2.46764
2.46676
2.33082
2.43071
2.19307
2.19189
2.23855
2.35227
2.19084
2.17363
2.56897
2.10215
2.15139
2.20028
2.17732
2.18592
2.20002
2.19449
2.20067
2.14694
2.22315
2.13662
2.13929
2.22263
2.20599
2.21933
2.20926
2.12991
2.14229
2.25791
2.17129
2.21781
2.20154
2.34505
2.3733
2.30245
2.28135
2.22184
2.269
2.19611
2.21641
2.23785
2.18603
2.23921
2.34458
2.49076
2.27744
2.20389
2.46179
2.19764
2.19421
2.18196
2.18339
2.17485
2.1785
2.24457
2.2568
2.1753
2.23233
2.24956
2.26481
2.44216
2.14299
2.0736
2.17104
2.32712
2.23944
2.27057
2.25794
2.25799
2.10028
2.26506
2.28421
2.26723
2.28458
2.30187
2.27312
2.26508
2.21798
2.21577
2.29771
2.25147
2.26723
2.25799
2.25794
2.2999
2.26
2.29352
2.28447
2.26443
2.29154
2.21498
2.15999
2.23082
2.23184
2.25618
2.21842
2.08441
2.10198
2.61729
2.61371
2.03837
2.10894
2.2895
2.26493
2.24019
2.25869
2.26352
2.24577
2.2541
2.28367
2.27693
2.22254
2.23575
2.21133
2.22078
2.25918
2.22981
2.24123
2.24238
2.23274
2.23514
2.21921
2.25489
2.23556
2.30682
2.29857
2.19499
2.23766
2.28033
2.23414
2.19298
2.19467
2.16797
2.20229
2.22085
2.18496
2.19512
2.21937
2.22026
2.18759
2.20221
2.21229
2.19135
2.21433
2.25025
2.23343
2.37843
2.22535
2.14649
2.12514
2.17983
2.27223
2.2144
2.18533
2.46332
1.9076
1.9659
1.99009
1.99575
2.07424
2.26081
2.25621
2.27483
2.2734
2.26002
2.33756
2.27978
2.28026
2.30561
2.29818
2.26495
2.29139
2.32002
2.32745
2.29888
2.28111
2.6045
2.29589
2.30715
2.30177
2.27333
2.33687
2.31836
2.29021
2.28883
2.27803
2.30146
2.26601
2.29259
2.21478
2.20431
2.2057
2.18669
2.20926
2.20449
2.26713
2.28644
2.26392
2.26794
2.22438
2.28191
2.24894
2.1704
2.15571
2.14781
2.16763
2.12633
2.16828
2.1594
2.16604
2.4907
2.20266
2.24136
2.2393
2.27292
2.19879
2.45971
2.09695
2.2289
2.22046
2.22123
2.40678
2.17902
2.24975
2.22549
2.19126
2.14221
2.13929
2.19667
2.12008
2.10084
2.29479
2.32183
2.29428
2.25091
2.32092
2.30611
2.27631
2.31187
2.33872
2.32377
2.35372
2.314
2.28063
2.26247
2.27389
2.30991
2.27979
2.28305
2.28623
2.27812
2.27839
2.2827
2.27975
2.27389
2.30991
2.27979
2.28043
2.27038
2.28931
2.30442
2.25646
2.26091
2.29521
2.24254
2.29602
2.26247
2.17343
2.24127
2.19899
2.42709
2.44129
2.19716
2.18783
2.41184
2.36652
2.40561
2.11709
2.04326
2.38861
2.13757
2.19946
2.21302
2.327
2.18289
2.23426
2.2465
2.24753
2.33724
2.30346
2.29629
2.32551
2.29881
2.28783
2.30421
2.31885
2.27571
2.30759
2.36516
2.3588
2.29238
2.30081
2.2957
2.30462
2.30122
2.17793
2.16968
2.18246
2.16872
2.20042
2.30692
2.2608
2.29927
2.29661
2.28707
2.3008
2.36232
2.37231
2.41306
2.33811
2.40184
2.38057
2.29365
2.2756
2.3117
2.14211
2.20575
2.26866
2.31595
2.43821
2.11718
2.08908
2.10847
2.12833
2.11607
2.08845
2.12959
2.13872
2.05573
2.11075
2.10551
2.08867
2.069
2.09975
2.21654
2.21366
2.23473
2.16921
2.25664
2.23673
2.20484
2.17347
2.26468
2.226
2.21507
2.27166
2.22515
2.18178
2.20484
2.1418
2.44161
2.48551
2.49114
2.27085
2.49059
2.26499
2.2404
2.25367
2.24447
2.39176
2.14727
2.39459
2.40357
2.38412
2.26512
2.26986
2.29192
2.26684
2.29384
2.29266
2.35563
2.32215
2.48576
2.41431
2.34317
2.3547
2.27191
2.18652
2.21438
2.24626
2.26632
2.21972
2.23211
2.23832
2.22183
2.18542
2.08129
2.18183
2.11061
2.1466
2.17175
2.14743
2.15361
2.18516
2.14672
2.41178
2.0841
2.22364
2.26727
2.27336
2.171
2.19672
2.19924
2.2106
2.13461
2.15045
2.18083
2.14776
2.13834
2.29438
2.14046
2.13614
2.39871
2.14823
2.25561
2.34853
2.34396
2.34878
2.3204
2.3549
2.12841
2.14302
2.24664
2.23094
2.11717
2.07412
2.21942
2.30029
2.21539
2.20342
2.18286
2.12806
2.17583
2.24652
2.49491
2.24147
2.26566
2.20907
2.26657
2.45534
2.409
2.42299
2.15833
2.17461
2.40306
2.42018
2.10492
2.18078
2.23487
2.15309
2.16165
2.12029
2.12133
2.17194
2.20342
2.46044
2.23174
2.4622
2.43537
2.24635
2.2229
2.15372
2.27917
2.20835
2.1337
2.1421
2.04841
2.36199
2.23126
2.49069
2.50279
2.29669
2.10991
2.24173
2.1992
2.20433
2.19106
2.19142
2.21188
2.21873
2.32371
2.3003
2.33138
2.31332
2.3157
2.25739
2.33587
2.27112
2.24226
2.27183
2.27835
2.1718
2.16248
2.15967
2.1827
2.12473
2.05788
2.17926
2.17452
2.20355
2.18775
2.16819
2.17976
2.16568
2.55034
2.21132
2.23801
2.11823
2.66303
2.07276
2.28742
2.32655
2.17597
2.39568
2.21596
2.10017
2.48779
2.22754
2.18817
2.13672
1.8751
2.11613
2.04163
1.96807
2.37574
2.40775
2.29624
2.27591
2.28788
2.28175
2.26668
2.25747
2.22005
2.21358
2.26693
2.1755
2.2464
2.37115
2.47781
2.1447
2.23884
2.25722
2.26945
2.27187
2.30217
2.40627
2.13994
2.03281
2.19749
2.39987
2.10121
2.30339
2.34235
2.30728
2.3111
2.28285
2.3077
2.32214
2.3148
2.55882
2.24639
2.10177
2.26734
2.18716
2.13534
1.93759
2.15434
2.12802
1.94825
1.88478
2.25413
2.29621
2.24992
2.22283
2.18166
2.23698
2.36738
2.26315
2.28214
2.24401
2.28152
2.26869
2.1676
2.15571
2.18194
2.1389
2.1684
2.10729
2.13673
2.0868
2.15875
2.15938
2.23184
2.18413
2.18956
2.16331
2.17865
2.16329
2.1293
2.17196
2.26962
2.19072
2.27567
2.30195
2.27314
2.23359
2.24429
2.50728
2.20971
2.298
2.33047
2.43687
2.22705
2.23159
2.22534
2.22829
2.23776
2.21293
2.25876
2.21913
2.2358
2.23564
2.2225
2.22049
2.2246
2.22006
2.2207
2.30235
2.06707
2.32031
2.16544
2.18532
2.38594
2.21921
2.44326
2.19108
2.21034
2.1494
2.21912
2.27494
2.31508
2.17324
2.23182
2.18417
2.2361
2.28357
2.28381
2.2513
2.17382
2.28403
2.28283
2.248
2.20291
2.27076
2.31523
2.25839
2.26194
2.28348
2.25123
2.3089
2.32691
2.35708
2.30867
2.32607
2.33937
2.47801
2.2514
2.32618
2.08252
2.20671
2.237
2.37604
2.32081
2.32605
2.2055
2.30709
2.29238
2.24003
2.44539
2.27584
2.26193
2.27577
2.2467
2.22985
2.24306
2.23544
2.24831
2.24492
2.23084
2.30497
2.30245
2.36997
2.29864
2.47719
2.33394
2.19442
2.10018
2.43193
2.22844
2.39077
2.37379
2.36335
2.38807
2.31371
2.43912
2.14509
2.22152
2.24354
2.22455
2.14917
2.25329
2.18372
2.26837
2.22997
2.24697
2.25374
2.16995
2.30019
2.37173
2.26222
2.26065
2.26274
2.26572
2.29658
2.25223
2.24574
2.30493
2.36945
2.25918
2.27097
2.24711
2.2483
2.24163
2.23993
2.23896
2.2249
2.27218
2.22881
2.35664
2.32349
2.34434
2.31695
2.31259
2.33969
2.22242
2.47503
2.2663
2.13844
2.20423
2.48642
2.22827
2.24341
2.44438
2.24085
1.88353
2.283
1.94358
2.447
2.49067
2.06191
2.48248
2.26192
2.25083
2.13474
2.15176
2.15122
2.26513
2.15083
2.21166
2.15972
2.18705
2.19158
2.18856
2.16604
2.30791
2.5481
2.60168
2.35039
2.16575
2.26476
2.27152
2.22143
2.10503
1.95395
1.8673
1.9378
1.92192
2.10677
2.21541
2.19564
2.22372
2.2137
2.22296
2.20567
2.22878
2.21849
2.35421
2.19446
2.20534
2.1269
2.23348
2.231
2.23115
2.42526
2.33654
2.36496
2.22605
2.28601
2.11362
2.224
2.22989
2.20209
2.23271
2.24919
2.21619
2.2582
2.25164
2.2083
2.24639
2.2461
2.25351
2.23278
2.23741
2.233
2.24983
2.22566
2.23237
2.23244
2.21048
2.22729
2.26868
2.19621
2.20836
2.28126
2.05312
2.1808
2.58712
2.4957
2.34681
2.01876
2.26414
2.24009
2.18252
2.267
2.27044
2.26287
2.25949
2.13577
2.17682
2.14029
2.08366
2.30307
2.14208
2.09439
2.07155
2.06983
2.10471
2.03276
2.1112
2.15287
2.13577
2.15737
2.36956
2.13353
2.10834
2.22036
2.24393
2.08362
2.22666
2.10259
2.09052
2.20903
2.40283
2.44434
2.21787
2.20386
2.1903
2.20683
2.18119
2.20144
2.20713
2.20656
2.17865
2.22753
2.20303
2.16384
2.2128
2.25283
2.21723
2.26095
2.24549
2.27236
2.29811
2.30037
2.32225
2.30833
2.27245
2.29192
2.2921
2.29683
2.34356
2.16583
2.26965
2.31481
2.23871
2.32305
2.24841
2.49927
2.5106
2.51201
2.40691
2.36812
2.4579
2.11454
2.63843
2.04963
2.09524
2.19376
2.14194
2.23692
2.21265
2.27271
2.21022
2.21393
2.20762
2.36422
2.15779
2.25517
2.279
2.18762
2.17217
2.22045
2.39978
2.19848
2.02475
2.33459
2.15636
2.1499
2.21107
2.23934
2.23864
2.20749
2.23082
2.26881
2.22867
2.36364
2.22543
2.21136
2.36029
2.19702
2.23861
2.24855
2.2564
2.29298
2.26048
2.28205
2.49953
2.41428
2.44561
2.21406
2.21928
2.20471
2.47053
2.46904
2.18791
2.23713
2.4428
2.47001
2.23725
1.99847
2.0086
2.03464
2.02069
2.10918
2.02099
2.23831
2.20753
2.22285
2.23781
2.21275
2.22207
2.21281
2.23077
2.20996
2.12915
2.3781
2.11563
2.1493
2.20121
2.14245
2.14199
2.11879
2.24434
2.25391
2.2728
2.26357
2.21059
2.29325
2.36922
2.2801
2.30581
2.28436
2.27233
2.47039
2.26088
2.41839
2.49521
2.53521
2.33068
2.31981
2.31095
2.32399
2.29377
2.4245
2.36323
2.32749
2.39917
2.45548
2.36055
2.32577
2.32275
2.35619
2.32594
2.31453
2.34643
2.29799
2.30107
2.30992
2.64328
2.31802
2.3195
2.19804
2.27765
2.41634
2.23668
2.26544
2.21577
2.10844
2.11679
2.12655
2.14295
2.11143
2.10759
2.06026
2.06311
2.06823
2.05548
2.04965
2.06311
2.07454
2.26341
2.17813
2.25579
2.28358
2.37738
2.20041
2.19266
2.3583
2.34219
2.3613
2.35396
2.36262
2.25838
2.25381
2.13914
2.22697
2.23238
2.54487
2.25505
2.11848
2.16835
2.22527
2.24786
2.6121
2.29094
2.20975
2.12842
2.23526
2.26649
2.27001
2.29155
2.28215
2.34028
2.08182
2.63732
2.14577
2.32126
2.14381
2.18736
2.1924
2.18674
2.17402
2.19528
2.17145
2.19829
2.19408
2.22308
2.24676
2.22111
2.21626
2.31896
2.24761
2.25272
2.32567
2.22823
2.25595
2.26525
2.25255
2.2422
2.26468
2.27542
2.22164
2.20697
2.22999
2.2651
2.29389
2.43474
2.10087
2.2062
2.22158
2.13378
2.22015
2.13884
2.17681
2.24534
2.17727
2.22195
2.16212
2.08604
2.11077
2.10531
2.13245
2.10027
2.12036
2.08951
2.10899
2.14506
2.13268
2.19029
2.20715
2.20715
2.16121
2.14506
2.13268
2.16121
2.19029
2.14634
2.20354
2.17106
2.18789
2.10081
2.21996
2.20532
2.1673
2.13307
2.13205
2.07935
2.12483
2.14059
2.13763
2.47253
2.49932
2.20967
2.284
2.16862
2.25358
2.24104
2.29021
2.24273
2.3066
2.29946
2.31499
2.25186
2.29587
2.26916
2.47048
2.14092
2.16674
2.14184
2.15247
2.14769
2.15975
2.16071
2.48888
1.97313
1.87336
2.43924
2.11402
2.37777
1.92554
2.20165
2.2509
2.13579
2.23295
2.2342
2.29217
2.29194
2.29031
2.27723
2.26223
2.2684
2.285
2.31054
2.28072
2.35754
2.29796
2.26329
2.26073
2.49803
2.47768
2.30219
2.25717
2.31609
2.23716
2.11581
2.17781
2.15698
2.12373
2.13635
2.12523
2.39
2.29341
2.25432
2.19024
2.18805
2.26893
2.20322
2.46391
2.25594
2.47034
2.28213
2.43073
2.26925
2.23295
2.28383
2.25365
2.26187
2.2665
2.23846
2.21226
2.14514
2.12543
2.11231
2.14816
2.11978
2.14531
2.23712
2.22654
2.32546
2.22937
2.23201
2.12858
2.08481
2.12486
2.09004
2.30488
2.08827
2.13442
2.24153
2.23774
2.23178
2.28307
2.31958
2.2573
2.23241
2.23689
2.21252
2.22032
2.24157
2.2377
2.24091
2.25183
2.12805
2.18715
2.12735
2.22225
2.25276
2.1715
2.16163
2.18352
2.18021
2.21582
2.11433
2.19071
2.29641
2.28665
2.22322
2.21377
2.26421
2.34722
2.20627
2.1547
2.36251
2.16433
2.1544
2.24532
2.16783
2.17561
2.14964
2.16807
2.16193
2.24431
2.2343
2.23257
2.14449
2.22471
2.22675
2.16598
2.19458
2.21112
2.20536
2.16877
2.23637
2.23883
2.30687
2.41213
2.26001
2.27847
2.24825
2.26913
2.06219
2.17538
2.00472
2.19289
2.47906
2.34707
2.21992
2.19453
2.20353
2.18343
2.15992
2.1731
2.14853
2.4578
2.0869
2.19236
2.41192
2.20542
2.14702
2.15786
2.23107
2.45843
2.24043
2.41796
2.24513
2.19111
2.22774
2.24019
2.26168
2.24023
2.17828
2.17983
2.20412
2.18805
2.19338
2.18796
2.41703
2.17207
2.26681
2.39262
2.15316
2.27194
2.2582
2.33525
2.36064
2.52749
2.2251
2.2213
2.14388
2.19299
2.27816
2.25826
2.2617
2.28869
2.26543
2.28368
2.29413
2.08648
2.06247
2.08505
2.10382
2.10579
2.09297
2.10465
2.09785
2.10382
2.10253
2.07567
2.08003
2.0832
2.09113
2.09106
2.08392
2.09307
2.08352
2.25048
2.27796
2.27105
2.26581
2.26388
2.26834
2.25292
2.14314
2.26911
2.2899
2.43736
2.2239
2.13541
2.27878
2.25443
2.29284
2.29379
2.33911
2.2456
2.287
2.26719
2.23623
2.26179
2.26799
2.26333
2.24118
2.24531
2.24971
2.25464
2.25331
2.25719
2.25391
2.23609
2.26226
2.24928
2.46455
2.23079
2.19487
2.2336
2.23469
2.24542
2.23389
2.27064
2.27602
2.24511
2.26775
2.22204
2.22164
2.38035
2.33217
2.3802
2.31321
2.57529
2.36326
2.27089
2.2776
2.25831
2.26465
2.26109
2.25581
2.27173
2.30571
2.26396
2.26442
2.27417
2.25964
2.24989
2.27737
2.2513
2.26491
2.27799
2.31496
2.25057
2.25497
2.26886
2.2668
2.27727
2.26465
2.36271
2.13465
2.40142
2.09469
2.16325
2.39986
1.89142
2.1999
2.46266
1.98402
1.99358
2.07017
2.49918
1.95969
2.26305
2.35521
2.28143
2.34412
2.27516
2.20425
2.1746
2.1882
2.19515
2.16168
2.21925
2.17659
2.45813
2.23376
2.18744
2.44048
2.19632
2.25666
2.49519
2.28806
2.22289
2.26949
2.48842
2.2592
2.40281
2.27132
2.26453
2.48044
2.26145
2.24792
2.19658
2.23079
2.03264
2.19484
2.19911
2.15351
2.19989
2.24132
2.23126
2.47151
2.19104
2.13867
2.21751
2.23817
2.23341
2.19219
2.37493
2.2524
2.22343
2.23477
2.2524
2.23477
2.20626
2.22021
2.08075
2.22343
2.22021
2.20626
2.21861
2.06707
2.31711
2.14397
2.13705
2.06843
2.63688
2.17447
2.10555
2.10381
2.05908
2.14385
2.08112
2.24028
2.22399
2.23679
2.23346
2.26124
2.24839
2.23852
2.19798
2.25821
2.17572
2.2755
2.24409
2.27784
2.1319
2.14253
2.12787
2.11508
2.1271
2.13715
2.23436
2.20681
2.21035
2.46372
2.24534
2.17758
2.21443
2.2028
2.11709
2.41467
2.13203
2.19021
2.20448
2.21666
2.1959
2.23508
2.23935
2.44329
2.16443
2.40748
2.16935
2.20362
2.2321
2.14103
2.23662
2.21827
2.24403
2.22466
2.13187
2.25273
2.21303
2.64305
2.14153
2.13711
2.25966
2.28537
2.27012
2.26262
2.2948
2.29312
2.28071
2.27496
2.25269
2.24899
2.23942
2.25424
2.46704
2.46209
2.37432
2.23113
2.4673
2.4416
2.50974
2.27439
2.29005
2.21565
2.29512
2.31542
2.36759
2.28482
2.21922
2.31115
2.24767
2.3005
2.21982
2.2917
2.37052
2.31759
2.28766
2.2487
2.25564
2.24529
2.16443
2.16867
2.23531
2.12049
2.27517
2.25101
2.50251
2.50799
2.28625
2.23172
2.28161
2.24944
2.27166
2.28914
2.26867
2.26956
2.2799
2.28459
2.27413
2.24265
2.44194
2.28127
2.23256
2.18652
2.22287
2.18686
2.11132
2.18078
2.18866
2.14773
2.21377
2.14108
2.10617
2.15499
2.26966
2.14833
2.30077
2.27874
2.36217
2.31223
2.32034
2.30527
2.32603
2.396
2.32641
2.33475
2.32064
2.47549
2.24048
2.23682
2.23628
2.34776
2.35752
2.32952
2.15192
2.17801
2.21164
2.37215
2.20547
2.25378
2.45812
2.47603
2.24114
2.21277
2.24239
2.25481
2.28912
2.46321
2.16626
2.21214
2.06785
2.61014
2.10981
2.13932
2.59344
2.10774
1.99817
2.59296
2.02648
2.02684
2.03935
2.0304
2.23943
2.25876
2.29318
2.51218
2.25247
2.48762
2.12612
2.14598
2.05607
2.20309
2.14251
2.17328
2.20907
2.21436
2.24337
2.21714
2.22851
2.17462
2.33652
2.11096
2.24258
2.14315
2.25931
2.11656
2.21587
2.25725
2.20493
2.19094
2.35832
2.29478
2.23581
2.26506
2.27571
2.21913
2.24809
2.26267
2.20272
2.48992
2.34978
2.21874
2.23349
2.24424
2.20396
2.21557
2.24831
2.46602
2.19241
2.20881
2.21138
2.23453
2.21481
2.20862
2.21035
2.24594
2.26567
2.18491
2.25569
2.16596
2.2781
2.18183
2.23572
2.20235
2.31327
2.2333
2.20107
2.32004
2.19554
2.23139
2.2649
2.29036
2.29262
2.30938
2.2972
2.22881
2.26386
2.19835
2.12534
2.21936
2.26993
2.24916
2.25138
2.20255
2.57086
2.21464
2.20255
2.21464
2.17798
2.19808
2.21373
2.18883
2.19808
2.18511
2.17798
2.22161
2.21108
2.56469
2.16302
2.24813
2.26089
2.21461
2.14634
2.28581
2.15227
2.19046
2.40733
2.238
1.94792
1.89967
1.98006
1.96299
2.51227
1.99622
2.2772
2.27908
2.08917
2.25049
2.26136
2.35272
2.46252
2.16526
2.21072
2.24211
2.24612
2.44002
2.18076
2.17981
2.1928
2.16546
2.23136
2.21511
2.05036
2.10002
2.09003
2.18959
2.24134
2.309
2.28037
2.60739
2.27364
2.2844
2.2898
2.17607
2.27226
2.23062
2.14177
2.16135
2.14516
2.13685
2.13806
2.16719
2.26606
2.20982
2.21762
2.2303
2.19663
2.24089
2.24042
2.30129
2.25424
2.22838
2.26873
2.26762
2.26296
2.26437
2.27655
2.33111
2.21615
2.41521
2.28347
2.29707
2.27653
2.15997
2.30694
2.25411
2.30721
2.22815
2.2568
2.19987
2.20435
2.1827
2.12831
2.21761
2.15308
2.23323
2.21289
2.18817
2.19418
2.17887
2.18516
2.20295
2.19759
2.18786
2.19354
2.26663
2.20077
2.17032
2.18093
2.22471
2.11656
2.16283
2.04901
1.97927
2.12207
2.02848
2.12257
2.22644
2.40107
2.14928
2.16142
2.17221
2.15958
2.3492
2.14193
2.24714
2.11595
2.23946
2.23634
2.27483
2.25122
2.23596
2.28507
2.37375
2.24213
2.29719
2.21683
2.32241
2.21858
2.09359
2.08186
2.58615
2.59686
2.03987
2.16207
2.47981
2.22315
2.10278
2.45391
2.24383
2.31642
2.18169
2.23784
2.23605
2.28555
2.26262
2.22609
2.37052
2.21096
2.2681
2.45634
2.17918
2.48503
2.17316
2.23436
2.23294
2.19482
2.32603
2.24502
2.21436
2.26161
2.463
2.25083
2.30346
2.24232
2.41689
2.51017
2.18487
2.18877
2.19055
2.1516
2.17498
2.18076
2.26872
2.20264
2.1754
2.20743
2.21152
2.20552
2.19201
2.18904
2.19775
2.19775
2.26564
2.25699
2.19334
2.21556
2.21922
2.21556
2.21176
2.26564
2.26941
2.21463
2.23631
2.19533
2.20714
2.19886
2.19593
2.26872
2.27472
2.17008
2.22575
2.20153
2.23631
2.22832
2.21622
2.20683
2.21574
2.26053
2.23739
2.28206
2.27719
2.28348
2.26061
2.03343
2.01836
1.89034
1.98301
1.99441
2.01184
1.91264
2.2328
2.22749
2.21124
2.24701
2.2289
2.23513
2.22238
2.21697
2.27608
2.22066
2.20986
2.23709
2.22029
2.2214
2.19684
2.21678
2.21759
2.22519
2.21563
2.19475
2.21748
2.19061
2.22891
2.22551
2.2265
2.31025
2.26853
2.51947
2.47528
2.27231
2.26739
2.31771
2.39427
2.32193
2.21701
2.22428
2.24792
2.3441
2.34248
2.26738
2.26243
2.2469
2.45147
2.2952
2.24472
2.28384
2.28405
2.37205
2.27065
2.21284
2.19659
2.16732
2.14357
2.2235
2.33363
2.2721
2.2539
2.27613
2.23262
2.29084
2.27706
2.32049
2.29986
2.31196
2.22254
2.19498
2.24819
2.26365
2.26498
2.25926
2.26897
2.2556
2.26009
2.27604
2.28897
2.29337
2.26167
2.25253
2.25492
2.27005
2.23003
2.24678
2.26886
2.26595
2.24109
2.27093
2.25684
2.23445
2.28431
2.26116
2.25378
2.25531
2.23242
2.23938
2.28487
2.24571
2.25553
2.25743
2.26638
2.27204
2.27402
2.25859
2.24856
2.26808
2.28037
2.26896
2.27063
2.2433
2.28598
2.26821
2.2437
2.2856
2.28092
2.27036
2.27717
2.25056
2.27158
2.22062
2.1982
2.21421
2.23136
2.28288
2.20055
2.27962
2.29159
2.28538
2.1694
2.2352
2.31056
2.30062
2.30731
2.28004
2.26637
2.2889
2.29542
2.18684
2.20769
2.26642
2.28453
2.20008
2.18609
2.3848
2.29625
2.29581
2.30631
2.38175
2.22867
2.40051
2.38875
2.40506
2.38949
2.42655
2.42061
2.20016
2.1888
2.20545
2.18474
2.18221
2.22388
2.22623
2.22605
2.20165
2.19733
2.15326
2.20849
2.20205
2.22135
2.22375
2.14409
2.20888
2.07098
2.03015
2.25249
1.97717
2.21413
2.23242
2.23623
2.24558
2.2582
2.22927
2.48341
2.19906
2.30409
2.33614
2.35513
2.31077
2.23834
2.25092
2.2362
2.22027
2.24394
2.26865
2.23933
2.25336
2.22662
2.2392
2.26105
2.25278
2.23492
2.60714
2.02987
2.07148
2.12452
2.33693
2.17821
2.08259
2.18544
2.40394
1.86579
2.34363
2.27164
2.08813
2.24298
2.20657
2.46698
2.43106
2.18054
2.44624
2.33992
2.06389
2.55536
2.3235
2.24754
2.03992
2.12811
2.29359
2.2032
2.22348
2.42989
2.21827
2.23784
2.22832
2.28571
2.18966
2.23114
2.17859
2.19484
2.18175
2.19835
2.16951
2.36634
2.30853
2.29634
2.21392
2.35794
2.28961
2.24054
2.22639
2.21362
2.23652
2.20147
2.22183
2.27918
2.48717
2.16923
2.25878
2.39903
2.18448
2.29106
2.4234
2.3928
2.16784
2.16792
2.18404
2.16746
2.22825
2.42605
2.21092
2.24681
2.45724
2.2319
2.25014
2.18452
2.172
2.07394
2.42473
2.2202
2.46275
2.16273
2.30085
2.25426
2.24588
2.28225
2.28064
2.28574
2.24724
2.20635
2.09206
2.27003
2.39645
2.13395
2.29784
2.27543
2.33268
2.24114
2.27356
2.22683
2.24207
2.24761
2.26781
2.24838
2.23072
2.21627
2.28764
2.17483
2.22259
2.26981
2.20376
2.09836
2.12298
2.09786
2.09417
2.13354
2.09336
2.2461
2.28443
2.22844
2.23079
2.28913
2.26454
2.27722
2.36461
2.38814
2.41092
2.50155
2.25167
2.06049
2.10662
2.19337
2.13547
2.54278
2.60044
2.30425
2.34376
2.10696
2.64232
2.49043
2.24244
2.28943
2.21384
2.23896
2.27238
2.22149
2.45974
2.23849
2.46532
2.19484
2.2019
2.1703
2.20986
2.31127
2.1842
2.45448
2.19046
2.19795
2.24097
2.43884
2.16572
2.25158
2.27264
2.25437
2.30561
2.14449
2.2478
2.33732
2.08404
2.31196
2.13854
2.15327
2.13109
2.40565
2.2127
2.2253
2.23818
2.22445
2.2092
2.20949
2.06073
2.24679
2.17316
2.05657
2.30046
2.54703
2.16435
2.28168
2.27497
2.23171
2.27346
2.27103
2.27334
2.29103
2.25506
2.25563
2.25855
2.28502
2.26267
2.28042
2.27317
2.27118
2.2638
2.26015
2.2846
2.27311
2.29248
2.29648
2.23718
2.27881
2.25732
2.28229
2.26941
2.27117
2.27045
2.27702
2.28051
2.2898
2.22922
2.20788
2.21787
2.21175
2.21534
2.19211
2.34258
2.34158
2.32907
2.31577
2.36396
2.39567
2.4839
2.19663
2.30323
2.18377
2.58469
2.29307
2.31323
2.15947
2.07966
2.08346
2.01191
2.00389
2.26383
2.21599
2.20161
2.2025
2.24943
2.24649
2.24408
2.22111
2.261
2.25758
2.29563
2.28381
2.31597
2.29971
2.30573
2.29765
2.3143
2.28945
2.29069
2.25467
2.20929
2.21799
2.22387
2.45116
2.18053
2.0388
2.54823
2.23803
2.0388
1.9876
2.36271
2.54823
2.04617
1.9876
2.18053
2.53061
2.15073
2.53061
2.03808
2.2196
2.22824
2.23583
2.2102
2.10158
2.34927
2.23582
2.27942
2.20914
2.201
2.19806
2.19061
2.19957
2.21122
2.21398
2.21467
2.26388
2.34713
2.3504
2.32596
2.33452
2.34255
2.36173
2.39306
2.35906
2.41691
2.40131
2.40846
2.3913
2.1836
2.34595
2.20711
2.21277
2.44591
2.33969
2.33311
2.32832
2.31962
2.35288
2.34677
2.05198
2.08613
2.07342
2.0629
2.06135
2.23395
2.23389
2.232
2.20376
2.226
2.18296
2.40969
2.15605
2.30468
2.32249
2.32089
2.19121
2.21807
2.23685
2.46646
2.21147
2.21843
2.22108
2.23854
2.2402
2.25508
2.23376
2.16215
2.32746
2.3044
2.33499
2.30269
2.32456
2.3174
2.33059
2.32401
2.26158
2.25167
2.26414
2.13327
2.13556
2.2524
2.207
2.2296
2.24988
2.23335
2.19741
2.21479
2.1468
2.13256
2.12938
2.16231
2.1563
2.14501
2.31757
2.30493
2.28839
2.27236
2.1767
2.27128
2.28587
2.2342
2.335
2.26977
2.29537
2.27254
2.23867
2.30058
2.28869
2.30906
2.33073
2.29978
2.2959
2.30785
2.30889
2.31838
2.32578
2.3025
2.30692
2.32422
2.34891
2.33298
2.33618
2.32109
2.33556
2.34534
2.26116
2.21266
2.20362
2.18968
2.22696
2.16736
2.30015
2.30825
2.2761
2.35097
2.31947
2.29668
2.33404
2.32472
2.32707
2.3306
2.30558
2.33915
2.20164
2.16291
2.14748
2.15625
2.18735
2.16896
2.15487
2.14642
2.15695
2.22111
2.18574
2.22023
2.21799
2.22245
2.28075
2.25337
2.19436
2.17698
2.16472
2.19391
2.19063
2.13814
2.18569
2.17869
2.31586
2.27798
2.31891
2.29163
2.2886
2.09074
2.65502
2.06149
2.10359
2.23671
2.10945
2.30583
2.27896
2.30435
2.34766
2.27238
2.31129
2.11302
2.11239
2.20948
2.22987
2.1068
2.07113
2.18046
2.17905
2.18481
2.15414
2.16729
2.19507
2.20178
2.18736
2.29234
2.23518
2.29888
2.31011
2.34147
2.22645
2.17417
2.21528
2.45618
2.21454
2.19438
2.19917
2.19684
2.213
2.17245
2.18052
2.25403
2.24101
2.20107
2.21529
2.14969
2.17558
2.19595
2.20666
2.20426
2.20469
2.17716
2.25049
2.22807
2.24569
2.23461
2.12767
2.24654
2.2322
2.48368
2.30797
2.51243
2.13435
2.51069
2.35326
2.41651
2.37961
2.09696
2.04981
2.22003
2.61979
2.63802
2.25097
2.27336
2.29772
2.23514
2.27634
2.22888
2.2796
2.26841
2.26731
2.25794
2.2904
2.34013
2.25556
2.26194
2.27244
2.24092
2.27008
2.27856
2.29152
2.26855
2.25648
2.28804
2.26449
2.25808
2.18742
2.26836
2.1489
2.2742
2.27062
2.24836
2.26515
2.18008
2.14481
2.1428
2.13145
2.1409
2.11949
2.1164
2.13805
2.16131
2.11316
2.14462
2.12353
2.11885
2.12066
2.13252
2.12522
2.1409
2.11949
2.11148
1.84161
2.07327
2.05166
2.00671
2.30258
1.96621
1.91473
2.4879
2.59125
2.09082
2.02929
2.08141
2.12085
2.28799
2.62382
2.26798
2.34338
2.38687
2.40779
2.33429
2.36471
2.38722
2.22118
2.21202
2.19747
2.20425
2.18732
2.13416
2.26705
2.48339
2.14335
2.13328
2.15335
2.58513
2.07561
2.22569
2.01663
2.01372
2.57705
1.97797
2.34184
2.35103
2.36405
2.34858
2.33562
2.33435
2.35642
2.35164
2.04326
2.05101
2.06007
2.11401
2.05722
2.06799
2.26489
2.29864
2.33595
2.33335
2.29996
2.27112
2.31853
2.23844
2.27458
2.2537
2.27344
2.25299
2.24521
2.20096
2.22749
2.20473
2.13288
2.17533
2.18866
2.24851
2.21488
2.2262
2.091
1.90137
2.25589
2.07406
1.99108
2.06743
1.96532
2.4963
2.2515
2.2601
2.26825
2.25467
2.4759
2.30315
2.24473
2.50473
2.24221
2.26921
2.26668
2.28395
2.29433
2.2825
2.28055
2.28311
2.26617
2.29943
2.2609
2.26252
2.24492
2.56944
2.32846
2.27364
2.39648
2.32207
2.35237
2.56757
2.22887
2.12079
2.27282
2.20207
2.45146
2.26121
2.30149
2.25643
2.28579
2.25685
2.28886
2.27576
2.28291
2.29259
2.30027
2.30712
2.22735
2.29746
2.32925
2.22022
2.21302
2.23713
2.21181
2.18902
2.22596
2.33451
2.19602
2.31892
2.29377
2.29787
2.32175
2.30512
2.2955
2.29922
2.3156
2.26805
2.24583
2.25058
2.24963
2.26168
2.24551
2.26334
2.19182
2.21872
2.1686
2.45372
2.19417
2.19191
2.24629
2.25965
2.24848
2.2503
2.24223
2.25876
2.26196
2.25885
2.24234
2.46331
2.275
2.50003
2.10402
2.16072
2.12434
2.1378
2.21208
2.23673
2.03404
2.16086
2.01155
1.98095
2.57505
2.0298
2.19095
2.41314
2.45997
2.38458
2.21963
2.42858
2.17262
2.2479
2.28566
2.26934
2.28902
2.27319
2.24453
2.26635
2.38388
2.37413
2.35322
2.30918
2.22336
2.18261
2.22012
2.19318
2.15226
2.16594
2.18957
2.16872
2.23868
2.24162
2.15087
2.18975
2.09887
2.19749
2.11975
2.18415
2.17882
2.16404
2.13358
2.17274
2.15299
2.26286
2.64666
2.14891
2.07971
2.25789
2.67128
2.21221
2.20543
2.21439
2.23642
2.23961
2.20812
2.16291
2.14927
2.16042
2.20992
2.11989
2.00547
2.20439
2.00958
2.16388
2.51855
2.60654
2.06014
2.13924
2.19622
2.09486
2.11317
2.33692
2.31931
2.33466
2.33206
2.31405
2.2965
2.29189
2.32687
2.30276
2.29699
2.27296
2.32675
2.3083
2.18653
2.29623
2.48766
2.61848
2.47031
2.24736
2.25158
2.24863
2.27157
2.17168
2.25808
2.36368
2.3388
2.36342
2.32791
2.40785
2.36033
2.35814
2.33038
2.1283
2.14922
2.62237
2.36234
2.61904
2.06663
2.18996
2.45421
2.26486
2.4422
2.18497
2.20435
2.47653
2.08415
2.09686
2.08038
1.98753
1.95276
2.08662
1.98915
1.99226
2.01885
2.09568
2.23412
2.36049
2.16802
2.36272
2.19577
2.35568
2.29169
2.1053
2.18566
2.15661
2.62205
2.17953
2.19933
2.2045
2.29915
2.29581
2.2309
2.18916
2.21854
2.20506
2.19474
2.57314
2.2097
2.14582
2.27296
2.24646
2.18698
2.19417
2.26809
2.24283
2.20168
2.47318
2.21237
2.44673
2.34743
2.43828
2.24222
2.26936
2.2083
2.2331
2.23479
2.20482
2.26439
2.44529
2.13307
2.23962
2.11032
2.45698
2.16952
2.21326
2.18602
2.19695
2.38313
2.24232
2.19781
2.19514
2.21149
2.20472
2.46222
2.26964
2.50149
2.20366
2.47691
2.22734
2.44554
2.30436
2.28614
2.28837
2.29101
2.32757
2.30168
2.32475
2.30621
2.08617
2.14852
2.37086
2.33332
2.06129
1.99103
2.07436
2.31322
2.35399
2.01269
2.28254
2.30277
2.26579
2.26472
2.29178
2.2774
2.2371
2.09971
2.36072
2.24613
2.21315
2.51214
2.47773
2.21588
2.16587
2.18919
2.22598
2.2327
2.23512
2.3585
2.40363
2.24802
2.13292
2.11888
2.39505
2.30211
2.27207
2.28433
2.28607
2.27786
2.29292
2.26173
2.51851
2.07223
2.20203
2.1348
2.22617
2.19776
2.22527
2.24941
2.31368
2.23417
2.35374
2.29186
2.23156
2.23808
2.19471
2.23245
2.22074
2.26087
2.21037
2.27369
2.23245
2.26302
2.27414
2.25127
2.31718
2.24951
2.25495
2.08555
2.05882
2.06503
2.08514
2.09392
2.07688
2.07412
2.09244
2.06196
2.08272
2.07375
2.08809
2.22212
2.19183
2.33194
2.20455
2.23097
2.13774
2.22194
2.15306
2.19784
2.2225
2.17458
2.16325
2.22419
2.27543
2.09305
2.19023
2.29963
2.24693
2.45014
2.63259
2.65292
2.11552
2.33018
2.5553
2.07011
2.23336
2.67111
2.12095
2.32192
2.31408
2.29319
2.27756
2.26869
2.25465
2.2458
2.13914
2.14835
2.17122
2.14087
2.17647
2.17428
2.26462
2.13337
2.66495
2.15367
2.0847
2.33617
2.05109
2.36171
2.13225
2.1908
2.24437
2.59034
2.07978
2.10421
2.18209
2.11526
2.22865
2.14104
2.43414
2.20304
2.19422
2.16693
2.22279
2.18347
2.20714
2.26244
2.20512
2.20918
2.20103
2.19501
2.20736
2.19882
2.24808
2.20234
2.19561
2.27132
2.47793
2.20996
2.19688
2.19657
2.21111
2.22435
2.18597
2.60193
2.18028
2.24591
2.05804
2.00925
2.05154
2.15353
2.43261
2.21997
2.45896
2.26599
2.24694
2.44984
2.23881
2.26922
2.28214
2.26381
2.28332
2.31314
2.26911
2.31529
2.3662
2.29223
2.26548
2.29989
2.27836
2.29371
2.32873
2.33079
2.15089
2.20592
2.27442
2.38338
2.1771
2.30957
2.2116
2.24734
2.27044
2.28981
2.36798
2.23706
2.28977
2.29007
2.27595
2.29184
2.27608
2.29012
2.26896
2.27787
2.27754
2.29195
2.27787
2.26896
2.29195
2.27608
2.29012
2.28165
2.27353
2.23168
2.47089
2.48699
2.27983
2.23611
2.23752
2.2564
2.50701
2.10407
2.20969
2.21386
2.31232
2.17091
2.15153
2.36607
2.38748
2.39796
2.14367
2.28019
2.25399
2.28959
2.24084
2.29311
2.29998
2.26874
2.11681
2.21584
2.20336
2.21544
2.21095
2.22847
2.27247
2.22405
2.26364
2.26464
2.33595
2.42755
2.47108
2.22862
2.0864
2.21144
2.18855
2.26728
2.46331
2.20896
2.20479
2.26264
2.25647
2.2374
2.57689
2.21761
2.2043
2.23254
2.2448
2.23805
2.24219
2.2172
2.22862
2.29747
2.31826
2.31564
2.24265
2.26732
2.22993
2.33012
2.30935
2.32544
2.3474
2.32981
2.34379
2.31607
2.32054
2.16533
2.18115
2.14151
2.16835
2.20172
2.22492
2.02167
2.58239
2.20537
2.08691
2.6116
2.07716
2.10872
2.16106
2.10948
2.0943
2.08079
2.05654
2.12747
2.51457
2.19725
2.11716
2.37709
2.43379
2.21216
2.16027
2.06276
2.28637
2.11745
2.03066
2.59377
2.08552
2.17751
2.23119
2.26926
2.29408
2.26526
2.27454
2.2707
2.20443
2.21876
2.20383
2.22208
2.25449
2.20282
2.2119
2.18864
2.28232
2.25306
2.24795
2.20369
2.25118
2.22211
2.18824
2.15902
2.20656
2.20543
2.2186
2.22298
2.24209
2.27081
2.33155
2.2428
2.24032
2.27086
2.17637
2.07136
2.16224
2.1107
2.06806
2.10193
2.15824
2.08876
2.16802
2.08441
2.1419
2.28187
2.31494
2.3019
2.28446
2.28642
2.27242
2.28649
2.26762
2.17205
2.21831
2.22067
2.40661
2.44828
2.10758
2.16043
2.11692
2.15147
2.1405
2.12707
2.13538
2.1306
2.25562
2.06872
2.44429
2.19021
2.45758
2.24005
2.74039
2.16336
2.15141
2.63241
2.44347
2.24223
2.07742
2.22411
2.14958
2.13736
2.16217
2.17056
2.35686
2.32257
2.29335
2.32033
2.33247
2.27807
2.04498
2.20837
2.25492
2.10334
2.62359
2.26689
2.33581
2.2936
2.31589
2.30997
2.24248
2.2897
2.23373
2.24149
2.24092
2.22838
2.24902
2.21971
2.22952
2.35156
2.35246
2.28295
2.3347
2.29878
2.35808
2.21919
2.26155
2.22685
2.23426
2.23818
2.2262
2.25527
2.24306
2.18955
2.26977
2.22748
2.24897
2.26618
2.2684
2.25389
2.25438
2.18587
2.25822
2.23625
2.33142
2.34504
2.22581
2.23571
2.23601
2.22817
2.25459
2.23026
2.24883
2.24774
2.411
2.38987
2.38154
2.41654
2.37035
2.33156
2.40223
2.23236
2.26952
2.2446
2.23602
2.26433
2.25426
2.31136
2.28168
2.3064
2.32076
2.28035
2.28691
2.34032
2.31173
2.29064
2.38451
2.3362
2.33505
2.28304
2.32472
2.31674
2.22432
2.22938
2.25065
2.23676
2.21717
2.21418
2.52976
2.26805
2.28489
2.27401
2.50195
2.4326
2.23307
2.51829
2.20526
2.29744
2.25679
2.28128
2.10109
2.1879
2.12362
2.31171
2.05501
2.26799
2.11739
2.16067
2.20228
2.19435
2.18211
2.16796
2.17643
2.23916
2.34438
2.47637
2.24597
2.26357
2.40806
2.2585
2.28387
2.26233
2.51384
2.24102
2.20825
2.18614
2.28071
2.4832
2.24039
2.23662
2.23962
2.24407
2.22748
2.23688
2.2449
2.26635
2.24279
2.26275
2.24379
2.23551
2.37438
2.13647
2.13293
2.15806
2.38792
2.15665
2.21767
2.20986
2.20542
2.20343
2.44387
2.44711
2.44357
2.40154
2.06014
2.16374
2.22212
2.12797
2.21653
2.19664
2.22015
2.18891
2.29984
2.29038
2.27689
2.30928
2.30853
2.31284
2.2872
2.27762
2.13801
2.44234
2.27638
2.41957
2.31242
2.25849
2.57634
2.26438
2.27489
2.2848
2.25558
2.28011
2.26537
2.11881
2.14337
2.13715
2.12018
2.12965
2.12972
2.15159
2.09717
2.098
2.11045
2.1343
1.97671
2.11718
2.3878
2.22879
2.24445
2.29746
2.35199
2.25474
2.21212
2.19629
2.21993
2.38561
2.31172
2.28749
2.05304
2.20834
2.14228
2.11538
2.57478
2.20834
2.14228
2.05304
2.37737
2.539
2.61873
2.28572
2.11538
2.28572
2.22827
2.22927
2.28845
2.29406
2.25519
2.19684
2.12406
2.16454
2.17273
2.20579
2.19446
2.17471
2.33296
2.35111
2.0161
2.09097
2.17706
2.14657
2.5005
2.17466
2.17008
2.17724
2.2177
2.19868
2.18268
2.27527
2.27403
2.1854
2.18397
2.22623
2.21601
2.16227
2.5713
2.45146
2.27456
2.20953
2.43109
2.18815
2.17434
2.24716
2.31571
2.43914
2.24787
2.22522
2.47028
2.42756
2.32484
2.18478
2.29036
2.30705
2.30685
2.41416
2.41691
2.22707
2.24447
2.27437
2.22473
2.22304
2.26216
2.29626
2.25049
2.18142
2.18625
2.17547
2.17924
2.17929
2.17995
2.10011
2.12588
2.09145
2.18709
2.60779
2.04376
2.2286
2.22513
2.19261
2.21843
2.23357
2.21152
2.222
2.26765
2.26754
2.26191
2.19506
2.17711
2.22741
2.27221
2.25672
2.21881
2.30158
2.29435
2.35366
2.28452
2.16043
2.12788
2.12908
2.11455
2.11983
2.05158
2.1576
2.152
2.15719
2.17625
2.20382
2.14334
2.15403
2.12785
2.12813
2.20703
2.15637
2.13037
2.18051
2.35225
2.34839
2.33991
2.38162
2.36259
2.37697
2.36884
2.2122
2.23921
2.29126
2.25334
2.24273
2.22188
2.23616
2.22994
2.18769
2.19634
2.07952
2.23022
2.20004
2.19128
2.41401
2.54208
2.24044
2.30197
2.27035
2.28428
2.2728
2.25423
2.09577
2.12192
2.2284
2.63366
2.20308
2.12499
2.25637
2.29544
2.27092
2.26872
2.27156
2.22706
2.23524
2.30462
2.1272
2.28568
2.27323
2.35986
2.32853
2.37922
2.56707
2.66194
2.15677
2.14848
2.15244
2.15009
2.16588
2.16331
2.165
2.31557
2.33888
2.34189
2.30794
2.33309
2.30486
2.36185
2.30044
2.34558
2.32286
2.30241
2.30606
2.31599
2.21498
2.23537
2.33262
2.26119
2.29306
2.22033
2.23801
2.22228
2.22675
2.24052
2.23831
2.23206
2.46111
2.35119
2.39372
2.35437
2.3714
2.36662
2.39438
2.43213
2.2956
2.4902
2.46635
2.20962
2.27664
2.44926
2.26843
2.07996
2.0658
2.08377
2.09575
2.07359
2.07839
2.09187
2.08441
2.27396
2.26643
2.17483
2.111
2.36995
2.51896
2.39747
2.25138
2.31776
2.2768
2.24755
2.25041
2.09041
2.09912
2.0933
2.11293
2.11786
2.10488
2.29797
2.41863
2.24412
2.32546
2.35726
2.28899
2.23824
2.24364
2.22063
2.24687
2.21191
2.31501
2.32779
2.32277
2.31112
2.33815
2.32686
2.31819
2.16378
2.24809
2.24492
2.2107
2.22622
2.26539
2.24134
2.47221
2.37878
2.18637
2.19536
2.46141
2.23122
2.20314
2.23457
2.44276
2.26787
2.1646
2.22799
2.32275
2.0494
2.27623
2.24927
2.3145
2.27286
2.10286
2.3316
2.31071
2.30033
2.29866
2.29662
2.28142
2.30053
2.21178
2.14354
2.23433
2.17055
2.29524
2.14281
2.1942
2.19077
2.16433
2.17806
2.16579
2.18358
2.20033
2.34689
2.29436
2.34456
2.38694
2.38598
2.29929
2.32257
2.28142
2.2029
2.26798
2.26944
2.17643
2.288
2.27544
2.19229
2.22127
2.25231
2.27572
2.32177
2.17135
2.23372
2.25377
2.22602
2.27986
2.24448
2.21233
2.30423
2.33676
2.34698
2.35483
2.34568
2.35683
2.1672
2.13191
2.14798
2.12677
2.25066
2.2451
2.23307
2.24526
2.36261
2.23257
2.32843
2.11568
2.12224
2.13706
2.19037
2.12603
2.3248
2.33572
2.32249
2.33258
2.32021
2.32967
2.28032
2.2877
2.27941
2.23566
2.1054
2.21504
2.25708
2.13465
2.20114
2.22814
2.36813
2.23063
2.27282
2.29297
2.26916
2.26021
2.29913
2.28946
2.29778
2.18708
2.21332
2.21367
2.19279
2.22819
2.28272
2.21997
2.09638
2.27092
2.20908
2.24699
2.32275
2.42147
2.1758
2.48532
2.23682
2.28122
2.1829
2.19251
2.22211
2.2274
2.23011
2.39792
2.27785
2.27277
2.21754
2.30874
2.30098
2.29566
2.49454
2.09728
2.1226
2.22759
2.10005
2.14588
2.03608
2.17898
2.11764
2.20772
2.16065
2.24566
2.1598
2.12428
2.16772
2.17412
2.14139
2.34179
2.31285
2.22945
2.22549
2.21836
2.30172
2.19077
2.16917
2.1534
2.13933
2.11154
2.17603
2.08773
2.17249
2.19712
2.20429
2.19529
2.17328
2.19322
2.19752
2.18505
2.2103
2.1914
2.20285
2.19782
2.19857
2.2098
2.18748
2.20042
2.19085
2.18183
2.3225
2.27989
2.32647
2.36683
2.35929
2.31111
2.4404
2.29536
2.56152
2.29642
2.36161
2.29524
2.28146
2.38601
2.50178
2.36161
2.28146
2.22004
2.27343
2.29524
2.19579
2.35054
2.28621
2.35608
2.6447
2.37447
2.26147
2.26981
2.26305
2.27479
2.26326
2.27036
2.24632
2.29633
2.20714
2.27993
2.16398
2.25907
2.41629
2.28087
2.31392
2.30107
2.27992
2.22958
2.26941
2.15377
2.25633
2.20492
2.24985
2.19764
2.12805
2.21021
2.18146
2.21512
2.20215
2.13213
2.092
2.19006
2.22132
2.34514
2.06711
2.33896
2.16294
2.19083
2.18246
2.19643
2.20862
2.27352
2.4642
2.33767
2.31575
2.30327
2.41599
2.23624
2.47801
2.26539
2.31195
2.50233
2.51526
2.51767
2.27559
2.23444
2.24468
2.22205
2.24899
2.50126
2.22219
2.21875
2.21508
2.25754
2.22423
2.28719
2.24275
2.60905
2.26779
2.27571
2.28618
2.25106
2.27877
2.22894
2.26067
2.24496
2.13395
2.21213
2.25581
2.50901
2.35134
2.35399
2.32177
2.31016
2.33052
2.10639
2.09362
2.12135
2.12509
2.1445
2.15188
2.28741
2.4648
2.3543
2.22903
2.3031
2.27049
2.18126
2.21633
2.24225
2.23918
2.18253
2.36757
2.40524
2.19779
2.49901
2.13641
2.21227
2.07095
1.89262
2.46671
1.94798
2.2338
2.46271
2.23244
2.25674
2.21103
2.27568
2.29376
2.0512
2.6308
2.09488
2.10657
2.10177
2.46729
2.47829
2.20675
2.26949
2.10012
2.23321
2.21032
2.22337
2.43861
2.24092
2.32597
2.41029
2.42481
2.21241
2.40242
2.35839
2.59688
2.34306
2.72744
2.12165
2.47701
2.25809
2.23663
2.24507
2.27379
2.27556
2.23237
2.10289
2.24191
2.1779
2.26246
2.49232
2.29002
2.15537
2.24669
2.22393
2.11306
2.13171
2.27567
2.25298
2.25816
2.26234
2.39834
2.23428
2.14435
2.14845
2.14348
2.19171
2.16627
2.14733
2.19229
2.19262
2.20789
2.21297
2.16998
2.2285
2.19144
2.20587
2.1728
2.20746
2.2117
2.1797
2.12727
1.97434
2.08024
2.07642
2.07312
2.07467
2.34241
2.2372
2.25636
2.65687
2.32656
2.1519
2.32765
2.20032
2.28242
2.27114
2.249
2.60497
2.25173
2.29815
2.29825
2.25501
2.26773
2.24431
2.27082
2.3141
2.24484
2.19258
2.28127
2.19304
2.21106
2.20777
2.21342
2.19247
2.204
2.13909
2.22508
2.43495
2.21709
2.26106
2.46584
2.20929
2.20767
2.20895
2.22395
2.23511
2.21441
2.19467
2.25937
2.26677
2.26668
2.4215
2.29776
2.3009
2.03813
2.03739
1.97257
2.0981
2.13247
2.33575
2.07646
2.06558
2.06568
2.01796
1.99167
2.01642
2.08117
2.23313
2.21149
2.20957
2.20894
2.18748
2.20718
2.21088
2.2382
2.20817
2.20137
2.20764
2.19874
2.2144
2.19279
2.18792
2.20247
2.21631
2.21856
2.20095
2.19726
2.20168
2.19828
2.18187
2.22254
2.19008
2.19255
2.20095
2.20662
2.19189
2.22769
2.22129
2.20848
2.19448
2.20517
2.21922
2.1821
2.19245
2.20204
2.23377
2.2188
2.20217
2.19782
2.21328
2.18766
2.2152
2.21523
2.20091
2.22896
2.18991
2.20959
2.20898
2.22487
2.21531
2.55096
2.63095
2.29938
2.27923
2.26179
2.22478
2.48859
2.48169
2.25096
2.25303
2.28009
2.43197
2.23569
2.06224
2.42967
2.23825
2.15817
2.27357
2.25194
2.26366
2.29727
2.27704
2.25725
2.28173
2.16056
2.20938
2.22712
2.23385
2.30178
2.22547
2.33917
2.30929
2.34201
2.33733
2.3527
2.33883
2.38459
2.23294
2.23634
2.22929
2.22363
2.25348
2.23924
2.35196
2.20538
2.2006
2.20651
2.25417
2.32246
2.53777
2.56414
2.55932
2.3089
2.52057
2.37978
2.34921
2.32798
2.19197
2.04871
2.17506
2.21073
2.32147
2.11802
2.11424
2.14366
2.13218
2.09992
2.29993
2.27334
2.27757
2.28852
2.31633
2.29931
2.23698
2.28207
2.25937
2.24298
2.24974
2.24787
2.27498
2.26454
2.27486
2.25441
2.25606
2.28744
2.2656
2.29877
2.30063
2.27927
2.2518
2.31039
2.28186
2.25321
2.27426
2.23941
2.27222
2.2623
2.04069
2.05261
2.47443
2.17493
2.19906
2.05095
2.23939
2.40961
2.13678
2.23184
2.21417
2.45657
2.32559
2.43318
2.24472
2.19696
2.2516
2.24758
2.18143
2.28621
2.24589
2.32954
2.20165
2.19786
2.35777
2.32598
2.22534
2.20944
2.2671
2.26532
2.26865
2.24903
2.23022
2.23187
2.29936
2.20783
2.25961
2.21804
2.21264
2.22214
2.21322
2.20908
2.05758
2.46165
2.42751
2.21875
2.3338
2.38843
2.17074
2.43682
2.15355
2.19154
2.18171
2.17293
2.66227
2.34385
2.16329
2.1655
2.11779
2.16703
2.25938
2.2731
2.27657
2.25964
2.23303
2.25337
2.19496
2.19865
2.21108
2.19218
2.19244
2.23906
2.23426
2.23372
2.23495
2.22618
2.2339
2.23426
2.27928
2.23495
2.2208
2.27928
2.2339
2.60065
2.09797
2.17625
2.05877
2.05061
2.00544
2.21426
2.24642
2.21734
2.20253
2.15095
2.11568
2.21069
2.51066
2.17021
2.16039
2.22073
2.24015
2.23364
2.25367
2.2233
2.24173
2.32951
2.32402
2.35892
2.33558
2.32558
2.33125
2.2196
2.19562
2.17302
2.47688
2.21775
2.37741
2.17664
2.14353
2.47651
2.66742
2.08367
2.34765
2.265
2.0855
2.6486
2.24332
2.29428
2.23692
2.16222
2.09683
2.07971
2.1635
2.40751
2.17172
2.14722
2.56692
2.296
2.27903
2.25089
2.25001
2.30425
2.04839
2.05569
2.06575
2.03192
2.49553
2.46389
2.21925
2.26006
2.46565
2.26535
2.06529
2.1754
2.30588
2.01172
2.12117
2.56875
2.33871
2.33185
2.31075
2.29231
2.31782
2.31755
2.34777
2.3079
2.32894
2.33851
2.34809
2.30952
2.32898
2.32035
2.34542
2.29886
2.32967
2.32895
2.30825
2.32905
2.32348
2.29927
2.32715
2.30774
2.32348
2.30467
2.33077
2.31053
2.29431
2.32931
2.31798
2.32769
2.32415
2.34343
2.30957
2.31235
2.30001
2.3518
2.32162
2.313
2.30395
2.29679
2.31156
2.29517
2.31527
2.3167
2.30637
2.32879
2.30874
2.17994
2.17481
2.16655
2.14819
2.53843
2.15668
2.45893
2.21016
2.24513
2.22077
2.36041
2.28866
2.21907
2.19221
2.21699
2.18986
2.18062
2.17086
2.26579
2.34002
2.30618
2.3287
2.30401
2.25693
2.26647
2.25676
2.27925
2.27934
2.27135
2.28727
2.34744
2.29986
2.28212
2.25851
2.3016
2.29809
2.2737
2.29886
2.25869
2.29567
2.27257
2.2724
2.28371
2.2421
2.26654
2.27981
2.27988
2.26961
2.28008
2.29173
2.26594
2.29485
2.28127
2.28233
2.26858
2.28667
2.28314
2.27824
2.27364
2.25735
2.28426
2.28564
2.24328
2.28893
2.2773
2.30773
2.30682
2.29082
2.30113
2.30116
2.28044
2.30905
2.30383
2.28672
2.29917
2.30342
2.27787
2.26338
2.29783
2.28327
2.27692
2.30454
2.28036
2.29607
2.2855
2.25757
2.28553
2.27473
2.25436
2.25735
2.267
2.28859
2.27097
2.27957
2.28024
2.28455
2.26805
2.29198
2.2773
2.26096
2.30748
2.31235
2.2953
2.28515
2.28386
2.29347
2.27452
2.27925
2.29356
2.26964
2.29547
2.28187
2.2891
2.2648
2.28278
2.20682
2.1514
2.21243
2.17429
2.24241
2.15837
2.21002
2.14374
2.23475
2.25065
2.25415
2.23012
2.22943
2.25238
2.44877
2.40976
2.29586
2.50971
2.51319
2.49485
2.24895
2.28568
2.40532
2.43629
2.20679
2.24616
2.26702
2.26097
2.34993
2.36935
2.37262
2.34566
2.36666
2.35773
2.34908
2.36058
2.35884
2.35348
2.36345
2.21296
2.43662
2.33189
2.35526
2.47513
2.22735
2.24241
2.00293
2.04008
2.0304
2.03797
2.05689
2.04028
2.28721
2.23222
2.47451
2.41729
2.22497
2.46692
2.4931
2.18509
2.17697
2.2044
2.17893
2.16819
2.17816
2.19303
2.22179
2.15858
2.17025
2.43677
2.34786
2.46271
2.36367
2.48559
2.50997
2.16276
2.11546
2.24962
2.21085
2.24259
2.22963
2.3762
2.2349
2.21084
2.22879
2.32223
2.30087
2.34868
2.32046
2.34141
2.27982
2.14504
2.28454
2.27003
2.26112
2.34537
2.27249
2.2922
2.29725
2.03322
1.9951
2.01092
2.0978
2.01421
2.10953
2.2019
2.18747
2.20272
2.22599
2.19947
2.20598
2.10496
2.09552
2.13016
2.08444
2.10433
2.18823
2.10976
2.03908
2.12871
2.15438
2.05536
2.14877
2.10058
2.12688
2.1348
2.06337
2.28706
2.29908
2.30701
2.28728
2.35502
2.22393
2.04478
2.15169
2.12124
2.25564
2.09108
2.15045
2.22936
2.20688
2.19017
2.16588
2.2615
2.16672
2.18927
2.14609
2.06875
2.12065
2.40387
2.12833
2.17712
2.24998
2.55096
2.10727
2.18853
2.07447
2.18654
2.33942
2.58456
2.33316
2.14301
2.25586
2.30004
2.33813
2.16855
2.18856
2.16774
2.16327
2.19158
2.19624
2.20658
2.12858
2.12264
2.13729
2.17345
2.12345
2.2204
2.19473
2.1942
2.27914
2.04045
2.19848
2.1974
2.12353
2.20354
2.20856
2.23363
2.12767
2.14084
2.21616
2.24306
2.24272
2.22592
2.23682
2.03976
2.02476
2.0553
2.04189
2.60332
2.48445
2.28342
2.11948
2.21639
2.45848
2.15774
2.22921
2.12928
2.16613
2.2624
2.08643
2.48018
2.19694
2.22899
2.41616
2.05884
2.01309
2.09263
2.05833
2.12676
2.17448
2.08318
2.63777
2.37776
2.24043
2.63734
2.13875
2.30372
2.21382
2.48653
2.33686
2.32699
2.60792
2.20526
2.2679
2.21064
2.23113
2.19272
2.2254
2.16415
2.22886
2.23961
2.24921
2.06621
1.97928
2.11334
2.13226
2.19626
2.50358
2.23309
2.25116
2.25032
2.25549
2.25032
2.23309
2.23379
2.18253
2.18253
2.23379
2.25549
2.28329
2.22365
2.25475
2.25602
2.2893
2.2865
2.28872
2.27671
2.12432
2.08627
2.10617
2.14338
2.1218
2.13084
2.28487
2.28263
2.26767
2.32745
2.27569
2.28411
2.31733
2.28322
2.32758
2.31731
2.39346
2.2753
2.30903
2.26233
2.25264
2.25081
2.26233
2.23194
2.24787
2.26287
2.23194
2.2627
2.25008
2.26466
2.25847
2.24354
2.20957
2.25992
2.24294
2.24912
2.24294
2.50965
2.1576
2.1956
2.11914
2.16589
2.1443
2.67387
2.14127
2.13184
2.1456
2.64576
2.09732
2.21208
2.5723
2.37074
2.53247
2.2879
2.0671
2.1522
2.18822
2.18359
2.18584
2.20422
2.19131
2.17602
2.16894
2.13926
2.27513
2.16719
2.17442
2.15409
2.14602
2.31973
2.53775
1.99319
2.04063
2.03797
2.04555
2.30071
2.30092
2.36238
2.24401
2.36743
2.2663
2.30606
2.12949
2.16404
2.1373
2.16262
2.13292
2.13369
2.24414
2.24897
2.22506
2.22386
2.23873
2.22629
2.47371
2.49295
2.39448
2.47347
2.2928
2.44566
2.19779
2.24868
2.25332
2.10511
2.11991
2.1081
2.13744
2.14105
2.11713
2.21385
2.19562
2.21775
2.23493
2.19848
2.22438
2.18325
2.22817
2.24736
2.24627
2.24864
2.24112
2.21163
2.23626
2.19922
2.23824
2.16568
2.24085
2.62754
2.16577
2.23624
2.22983
2.28713
2.31215
2.16678
2.26429
2.10432
2.35385
2.46775
2.2532
2.27508
2.28437
2.26806
2.274
2.27128
2.27653
2.26909
2.30392
2.24584
2.25524
2.21225
2.49848
2.2063
2.2359
2.2359
2.24904
2.26665
2.27328
2.25355
2.25505
2.24133
2.26665
2.25505
2.25202
2.2531
2.29441
2.43258
2.41561
2.37203
2.38624
2.40109
2.37562
2.36624
2.37648
2.24448
2.2078
2.25044
2.21236
2.21618
2.22628
2.62672
2.1304
2.15809
2.11915
2.14565
2.23555
2.22349
2.06259
2.2413
2.27974
2.22689
2.22419
2.24134
2.24889
2.23944
2.24024
2.26036
2.2672
2.3113
2.53168
2.27759
2.26359
2.18792
2.22613
2.12529
2.29624
2.1148
2.47037
2.35984
2.43328
2.32474
2.28238
2.32954
2.15316
2.31422
2.26405
2.40108
2.28085
2.09107
2.44577
2.22372
2.20199
2.1834
2.45881
2.3672
2.22598
2.18341
2.23917
2.27745
2.21928
2.25545
2.46669
2.42097
2.16398
2.20246
2.33129
2.30249
2.2637
2.30104
2.2932
2.29262
2.3829
2.24686
2.1572
2.1789
2.20832
2.2006
2.26227
2.17231
2.18898
2.03913
2.18477
2.41872
2.33712
2.43567
2.0303
2.07892
2.12487
2.18505
2.24657
2.6152
2.21857
2.25698
2.22435
2.22296
2.25777
2.21893
2.19198
2.11698
2.0781
2.1315
2.36966
2.16642
2.28035
2.30991
2.30571
2.31482
2.27058
2.30704
2.26889
2.36996
2.27363
2.36892
2.48388
2.3925
2.20294
1.90046
2.06967
1.95594
2.50838
2.46252
1.99465
2.37934
2.49193
1.96444
2.26046
2.40391
2.26012
2.27862
2.27433
2.22729
2.01626
2.36459
2.06541
2.47261
2.54734
2.33949
2.09878
2.29019
2.30571
2.29987
2.32015
2.30729
2.08585
2.48101
2.00354
2.17763
1.90562
2.06003
2.36865
2.25259
2.46119
2.24812
2.20556
2.49149
2.28626
2.38467
2.25259
2.0732
2.28626
2.22943
2.23141
2.23141
2.17103
2.23402
2.22943
2.17103
2.48928
2.23141
2.33749
2.26911
2.30012
2.30902
2.29934
2.24889
2.27829
2.34406
2.32937
2.43078
2.3058
2.31927
2.37396
2.17044
2.24922
2.17236
2.25673
2.17716
2.2435
2.1446
2.11196
2.09578
2.18974
2.14741
2.12403
2.18142
2.21637
2.20081
2.21082
2.17764
2.56464
2.19605
2.20743
2.21082
2.23693
2.21037
2.20081
2.22625
2.19605
2.56464
2.17764
2.21826
2.52901
2.39922
2.30274
2.05189
2.13372
2.09976
2.10366
2.06546
2.13291
2.14477
2.49705
2.00335
2.21959
2.19344
2.25719
2.09978
2.1114
2.59035
2.19166
2.38436
2.37989
2.38814
2.41963
2.3977
2.39549
2.38313
2.35514
2.41057
2.37714
2.41918
2.6747
2.3934
2.37233
2.16839
2.2281
2.18285
2.17016
2.22096
2.23484
2.21303
2.23705
2.54204
2.18584
2.17394
2.18499
2.18293
2.16599
2.19225
2.38997
2.33285
2.42634
2.36722
2.33768
2.31488
2.35442
2.41535
2.41329
2.43124
2.40593
2.4123
2.39381
2.38019
2.39316
2.15832
2.16965
2.16994
2.17278
2.17228
2.19157
2.15134
2.18826
2.22309
2.14799
2.11937
2.1796
2.44942
2.45957
2.27908
2.50324
2.20481
2.49896
2.16104
2.56945
2.18991
2.33268
2.21356
2.18683
2.01503
2.49918
2.27428
2.17874
2.07015
2.33478
2.10088
2.1742
2.2325
2.15074
2.17902
2.16698
2.2017
2.18101
2.08894
2.06524
2.07798
1.96323
2.02239
2.04684
2.05705
2.23287
2.27913
2.25422
2.25309
2.30568
2.26713
2.25125
2.20252
2.39505
2.17433
2.13588
2.30377
2.24161
2.20525
2.24211
2.24055
2.23665
2.53202
2.61316
2.64312
2.12157
2.08572
2.11618
2.17022
2.23416
2.27284
2.23869
2.24743
2.25237
2.16654
2.26738
2.22653
2.26492
2.26825
2.26712
2.24836
2.24321
2.24003
2.23567
2.23481
2.2436
2.27364
2.24116
2.19423
2.27434
2.25542
2.24294
2.14283
2.45528
2.08697
2.13669
2.35084
2.12694
2.3535
2.34767
2.28894
2.32549
2.33902
2.64229
2.19117
2.21359
2.19846
2.19617
2.19144
2.19201
2.21109
2.28005
2.26228
2.27494
2.2902
2.27546
2.23929
1.97482
2.08002
2.08468
2.08052
2.05736
2.05963
2.19012
2.20189
2.22412
2.2456
2.51288
2.39163
2.18371
2.3128
2.35571
2.42219
2.40168
2.26612
2.19786
2.33983
2.44098
2.22705
2.20869
2.1904
2.46008
2.15036
2.23337
2.32098
2.1862
2.12296
2.45746
2.26756
2.28211
2.28908
2.26232
2.27046
2.26786
2.26919
2.26938
2.25337
2.25217
2.25806
2.18267
2.24815
2.23558
2.18556
2.06644
2.1998
2.09164
2.60569
2.02445
2.2098
2.23137
2.32482
2.32192
2.3778
2.25893
2.17578
2.19794
2.17609
2.11763
2.17602
2.18096
2.14565
2.23174
2.22006
2.21779
2.20335
2.44628
2.29766
2.40442
2.31973
2.4256
2.23959
2.32522
2.30508
2.26151
2.26481
2.24946
2.22352
2.25428
2.25914
2.01978
1.96705
1.94192
2.48071
1.88184
1.93558
2.35227
2.3331
2.35062
2.36593
2.40656
2.32269
2.34471
2.3486
2.34283
2.3527
2.33052
2.334
2.25969
2.25903
2.26513
2.25314
2.27785
2.32984
2.17993
2.27834
2.20345
2.24807
2.21837
2.19836
2.22551
2.26128
2.24254
2.24258
2.31033
2.23765
2.3222
2.36514
2.34089
2.30026
2.35075
2.32237
2.17936
2.3121
2.3259
2.29517
2.30567
2.31828
2.31827
2.33359
2.21502
2.2503
2.25053
2.39606
2.16476
2.24746
2.27029
2.20619
2.20647
2.24535
2.20575
2.23701
2.24063
2.22981
2.21869
2.21263
2.25731
2.22816
2.24816
2.23311
2.2389
2.22609
2.14902
2.18526
2.16124
2.57262
2.2741
2.28332
2.18999
2.22565
2.24754
2.2321
2.19354
2.19997
2.30051
2.36404
2.25349
2.24082
2.47455
2.22853
2.18625
2.08011
2.10616
2.23306
2.21101
2.21611
2.23281
2.45112
2.26623
2.11747
2.10515
2.10996
2.09831
2.03551
2.27153
2.1736
2.19183
2.20449
2.08768
2.22761
2.23604
2.13548
2.20507
2.24754
2.24312
2.08752
2.27965
2.27568
2.23971
2.26299
2.35929
2.35559
2.20034
2.24858
2.19275
2.17464
2.32477
2.18799
2.21024
2.26236
2.27107
2.26036
2.25947
2.28641
2.27376
2.1728
2.14386
2.19469
2.18076
2.18702
2.17268
2.6148
2.06074
2.09953
2.35679
2.18216
2.17737
2.21744
2.24856
2.21933
2.23323
2.23072
2.22244
2.20428
2.21017
2.23344
2.20361
2.22411
2.21895
2.26969
2.03257
2.07347
2.5138
2.13903
2.28592
1.98927
2.56563
2.25795
2.24191
2.22804
2.25232
2.23288
2.23125
2.32
2.18388
2.2722
2.11598
2.27071
2.34118
2.31759
2.39068
2.33468
2.3338
2.39472
2.32199
2.31406
2.31759
2.34309
2.31406
2.3301
2.36458
2.32742
2.32316
2.38687
2.3338
2.34309
2.32316
2.32197
2.32316
2.32803
2.32197
2.32953
2.38687
2.31759
2.31406
2.32671
2.33152
2.32316
2.39068
2.31727
2.32197
2.34309
2.31727
2.38687
2.30829
2.32671
2.4501
2.34642
2.33041
2.29983
2.32654
2.27937
2.0787
2.09336
2.26966
2.3857
2.04317
2.09292
2.2338
2.35746
2.35802
2.33178
2.21422
2.35359
2.13176
2.14638
2.12864
2.26101
2.34641
2.2257
2.23254
2.245
2.16412
2.06228
2.13125
2.18553
2.17741
2.16962
2.18546
2.18008
2.32819
2.30203
2.28771
2.30446
2.31722
2.29099
2.2737
2.20879
2.2471
2.09318
2.26558
2.23886
2.13754
2.03265
2.17932
2.06152
2.18402
2.20755
2.19648
2.65604
2.25245
2.15052
2.10564
2.14859
2.24407
2.24846
2.22294
2.22793
2.23831
2.23218
2.27206
2.36221
2.19308
2.21991
2.23624
2.19591
2.20634
2.21206
2.19071
2.21651
2.29526
2.14202
1.90806
1.90799
1.86031
1.93299
1.93488
2.17835
2.11218
2.56344
2.24348
2.1711
2.27624
2.22838
2.23057
2.27701
2.24314
2.22349
2.21553
2.24721
2.30096
2.26615
2.34811
2.28418
2.27179
2.30768
2.30422
2.23735
2.50121
2.30507
2.26414
2.5218
2.2021
2.22733
2.24303
2.24952
2.24666
2.50729
2.23001
2.25545
2.2159
2.26871
2.2368
2.22111
2.50729
2.32004
2.22111
2.2159
2.27358
2.23001
2.26871
2.25128
2.17191
2.16795
2.17701
2.13458
2.13826
2.1771
2.10244
2.28409
2.10245
2.09634
2.04964
2.63837
2.22928
2.16964
2.21425
2.25145
2.46824
2.38536
2.22601
2.46435
2.05335
1.98952
2.05037
2.02112
2.15955
2.1831
2.13834
2.07138
2.21874
2.19559
2.16896
2.24735
2.34942
2.22114
2.29007
2.17478
2.46619
2.08578
2.08622
2.24943
2.13372
2.1339
2.0809
2.08027
2.18834
2.19587
2.22827
2.34745
2.21148
2.13241
2.19914
2.14649
2.20588
2.25965
2.2525
2.23627
2.20911
2.22937
2.23282
2.27004
2.29924
2.10472
2.06202
2.64247
2.11694
2.17721
2.16464
2.19287
2.12895
2.16226
2.15273
2.14872
2.2746
2.17163
2.18229
2.18194
2.33228
2.29358
2.22589
2.28075
2.35568
2.37769
2.37048
2.3559
2.36188
2.38034
2.36059
2.34871
2.22043
2.21553
2.23903
2.23349
2.23739
2.23953
2.22177
2.21299
2.2446
2.22541
2.22391
2.23496
2.44394
2.42806
2.39677
2.19088
2.04738
2.17268
2.43685
2.29021
2.40583
2.3452
2.28127
2.45459
2.30302
2.30481
2.00074
2.32175
2.18176
2.20005
2.15273
2.22345
2.15102
2.21244
2.24951
2.24157
2.2207
2.19613
2.19391
2.12592
2.10869
2.11688
2.15589
2.36617
2.40915
2.36719
2.37834
2.36445
2.3172
2.34764
2.25828
2.27648
2.24246
2.28253
2.25426
2.27005
2.28405
2.3316
2.33036
2.29997
2.35866
2.41303
2.32871
2.32763
2.36613
2.35817
2.3724
2.40036
2.3397
2.31405
2.40306
2.34195
2.27552
2.21544
2.18036
2.28371
2.27699
2.2869
2.28434
2.476
2.29186
2.25081
2.2573
2.30149
2.28011
2.16783
2.47232
2.5414
2.06599
2.02228
2.0715
2.1762
2.57975
2.22884
2.27739
2.13633
2.13317
2.25648
2.25635
2.25327
2.25894
2.24711
2.20169
2.21616
2.21241
2.25173
2.24273
2.03005
2.02396
2.56808
2.14544
1.97888
2.57444
2.12629
2.09559
2.11418
2.13329
2.06807
2.12575
2.1742
2.14109
2.06843
2.07041
2.14607
2.13099
2.09865
2.24057
2.49331
2.47924
2.21919
2.45536
2.43914
2.25322
2.27534
2.48807
2.48807
2.23812
2.48166
2.21107
2.38318
2.27117
2.28218
2.32495
2.25285
2.19816
2.29363
2.30189
2.21046
2.54705
2.26476
2.0992
2.29988
2.20907
2.20621
2.2106
2.19193
2.21647
2.18403
2.22942
2.21067
2.25034
2.24435
2.24527
2.25182
2.25901
2.24527
2.24709
2.25034
2.21711
2.27095
2.22686
2.21892
2.11699
2.18188
2.13971
2.03247
2.21256
2.17467
2.22624
2.26412
2.29116
2.49206
2.23164
2.31081
2.12583
2.22332
2.44627
2.21617
2.20234
2.19833
2.30731
2.49289
2.2153
2.11271
2.1621
2.17915
2.38203
2.36055
2.14934
2.6849
2.36416
2.33644
2.15006
2.09818
2.25577
2.20979
2.20598
2.22713
2.2441
2.15506
2.24181
2.25256
2.26791
2.26301
2.27573
2.26107
2.24055
2.25512
2.34665
2.32706
2.33074
2.31875
2.3391
2.32066
2.32124
2.30898
2.30516
2.32372
2.31025
2.32972
2.34101
2.3162
2.34347
2.29618
2.33026
2.31609
2.33734
2.33759
2.35272
2.32156
2.32856
2.3267
2.33214
2.33767
2.31789
2.30656
2.35586
2.29417
2.35714
2.29791
2.31641
2.3227
2.31634
2.31283
2.41174
2.32166
2.31971
2.34209
2.33385
2.22973
2.32916
2.31799
2.24946
2.3014
2.21666
2.20788
2.3171
2.31993
2.32295
2.30708
2.35545
2.35108
2.23812
2.24468
2.33645
2.31605
2.31323
2.32289
2.33787
2.31489
2.32354
2.3397
2.40247
2.30788
2.3136
2.33073
2.32635
2.30538
2.31078
2.31248
2.27501
2.34771
2.34889
2.32542
2.33616
2.246
2.3284
2.30509
2.29145
2.31735
2.33582
2.31692
2.32312
2.34833
2.33276
2.34038
2.31206
2.41428
2.31789
2.2695
2.30197
2.29278
2.32779
2.32583
2.31635
2.33404
2.32513
2.31627
2.31888
2.3059
2.2807
2.32196
2.46166
2.34323
2.21555
2.39852
2.31923
2.33573
2.32223
2.31725
2.31961
2.3427
2.33885
2.0251
2.03176
2.01243
2.03306
2.04758
2.09084
2.2177
2.47743
2.24609
2.22311
2.23804
2.24112
2.46706
2.18261
2.18113
2.2111
2.20229
2.21646
2.20538
2.20582
2.43042
2.18365
2.20039
2.15871
2.44005
2.27262
2.28294
2.30305
2.3366
2.30052
2.19876
2.3834
2.38379
2.36664
2.37969
2.38081
2.22063
2.20891
2.21887
2.17431
2.21094
2.22049
2.21511
2.1956
2.22791
2.26777
2.16077
2.19435
2.34077
2.28857
2.26197
2.25931
2.27785
2.26944
2.27939
2.20974
2.17667
2.45482
2.26164
2.2216
2.16978
2.13711
2.23637
2.23913
2.07614
2.12863
2.2935
2.26317
2.25543
2.34176
2.24782
2.22263
2.05836
2.10974
2.05054
2.07312
2.32558
2.26577
2.3395
2.38828
2.39954
2.31943
2.25801
2.42356
2.50811
2.39861
2.37372
2.19566
2.29139
1.95826
2.28194
2.5487
1.94377
1.98159
1.89341
2.13821
2.12285
2.13505
2.13819
2.05055
2.11034
2.1612
2.17049
2.13968
2.14305
2.1661
2.18544
2.16686
2.21775
2.24333
2.23223
2.25783
2.17579
2.23575
2.23971
2.2484
2.27588
2.28573
2.28018
2.28192
2.27381
2.26572
2.27893
2.2777
2.24821
2.28674
2.2777
2.28573
2.26665
2.25735
2.28674
2.29403
2.24821
2.35957
2.24856
2.24745
2.28225
2.65668
2.21788
2.24331
2.31656
2.18925
2.26796
2.30115
2.22516
2.20057
2.18534
2.19609
2.19303
2.20799
2.22764
2.34073
2.20319
2.18232
2.17202
2.15784
2.18165
2.21056
2.18191
2.36056
2.59167
2.07733
2.02211
2.10458
2.17119
2.297
2.29058
2.32765
2.3501
2.34495
2.28351
2.177
2.35087
2.34771
2.45409
2.38001
2.14955
2.20986
2.27468
2.2588
2.29372
2.26555
2.27203
2.25649
2.27396
2.31255
2.31138
2.30476
2.3574
2.30041
2.31872
2.31019
2.33132
2.33257
2.29005
2.08595
2.06852
2.02475
2.6093
2.11252
2.18075
2.2007
2.34211
2.25225
2.28748
2.27451
2.45987
2.42558
2.18991
2.20557
2.12691
2.18787
2.38536
2.18823
2.18353
2.18361
2.19752
2.18
2.17616
2.18461
2.2056
2.19098
2.1665
2.21295
2.15268
2.20879
2.20609
2.17526
2.18346
2.17676
2.19024
2.20364
2.18903
2.28491
2.37435
2.27916
2.25175
2.32718
2.26265
2.25288
2.24755
2.26597
2.27634
2.25169
2.25238
2.24975
2.2623
2.2822
2.23371
2.28565
2.2437
2.26203
2.23472
2.19958
2.20142
2.23509
2.21873
2.18175
2.24341
2.19333
2.5535
2.422
2.41237
2.17387
2.2385
2.32162
2.19247
2.21894
2.21419
2.21536
2.33073
2.20467
2.32511
2.23694
2.30304
2.38616
2.37929
2.36913
2.34922
2.39865
2.36886
2.1788
2.1832
2.17842
2.1832
2.16269
2.1377
2.18759
2.14687
2.1739
2.18502
2.26422
2.12538
2.03465
2.08497
2.17641
2.25055
2.18498
2.30896
2.16093
2.18588
2.30591
2.27242
2.27207
2.29448
2.28437
2.25685
2.28536
2.2811
2.2829
2.30954
2.245
2.29576
2.29038
2.25685
2.26646
2.19552
2.22972
2.24145
2.33314
2.57707
2.25096
2.24409
2.22579
2.08482
2.10408
2.12781
2.4162
2.16658
2.32851
2.21179
2.18795
2.44245
2.29583
2.32229
2.30211
2.29786
2.32698
2.31968
2.34271
2.30705
2.34432
2.27303
2.32535
2.32249
2.31776
2.31959
2.2929
2.14441
2.20171
2.19747
2.20889
2.23296
2.18424
2.25101
2.37046
2.15249
2.09792
2.24716
2.44966
2.34089
2.35059
2.3345
2.34821
2.32177
2.22082
2.20475
2.17318
2.22071
2.26272
2.5504
2.15912
2.14973
2.14752
2.15203
2.18433
2.17438
2.27961
2.18997
2.23983
2.2965
2.26313
2.26189
2.07637
2.04843
2.05636
2.06225
2.04042
2.06803
2.04926
2.29758
2.2957
2.54692
2.29173
2.2799
2.25217
2.24436
2.24745
2.25457
2.30797
2.26688
2.16406
2.26511
2.20816
2.21902
2.18341
2.24919
2.11696
2.50617
2.27833
2.28547
2.16489
2.53567
2.31473
2.2371
2.4936
2.24755
2.3322
2.31989
2.22111
2.22098
2.26294
2.26543
2.23703
2.24225
2.26545
2.21213
2.24703
2.24686
2.23074
2.26412
2.2286
2.23565
2.23662
2.23561
2.2628
2.24005
2.26298
2.25169
2.17732
2.23353
2.25406
2.15952
2.22189
2.19025
2.18696
2.14612
2.15718
2.36889
2.1615
2.27049
2.16594
2.16762
2.39901
2.1521
2.15446
2.51411
2.23334
2.26473
2.2177
2.34333
2.26168
2.23667
2.34005
2.33508
2.23294
2.24144
2.204
2.22197
2.27789
2.17501
2.20888
2.1282
2.23348
2.20019
2.02794
2.62346
2.0856
2.07108
2.08386
2.1924
2.61827
2.507
2.08145
2.20019
2.5826
2.0856
2.07108
2.02794
2.08386
2.19382
2.19258
2.1846
2.17982
2.19743
2.19023
2.14912
2.12038
2.37825
2.20903
2.22313
2.24058
2.21995
2.27082
2.27348
2.24623
2.26887
2.23589
2.3175
2.16374
2.17503
2.23451
2.22908
2.22697
2.46263
2.22691
2.2313
2.17723
2.37134
2.36417
2.3565
2.34177
2.36482
2.26027
2.18246
2.18934
2.18548
2.14966
2.18802
2.17928
2.1673
2.24731
2.16604
2.13339
2.15497
2.14219
2.15484
2.16351
2.33579
2.25149
2.32736
2.397
2.36044
2.24799
2.22975
2.25774
2.28897
2.26591
2.34422
2.22311
2.10488
2.32106
2.30263
2.31108
2.33589
2.40469
2.27843
2.27588
2.21382
2.2159
2.22747
2.21977
2.21167
2.21794
2.21956
2.19197
2.21092
2.21066
2.2862
2.29126
2.19743
2.23975
2.19895
2.51198
2.21248
2.24729
2.32901
2.24436
2.23821
2.22523
2.28669
2.23346
2.33752
2.27755
2.2332
2.21178
2.21374
2.23927
2.27762
2.26059
2.19335
2.27457
2.25712
2.27511
2.27362
2.25022
2.2394
2.24047
2.24481
2.25461
2.23693
2.2341
2.25959
2.23999
2.22676
2.22952
2.26853
2.2639
2.25671
2.26427
2.25986
2.2307
2.46746
2.50792
2.50357
2.22855
2.46032
2.30302
2.26263
2.11973
2.39783
2.40778
2.01198
2.35456
2.42009
2.43009
2.43061
2.43743
2.42035
2.4217
2.44101
2.41845
2.42433
2.43527
2.42253
2.05426
2.43949
2.16271
2.41032
2.43403
2.23606
2.27803
2.26296
2.25004
2.30814
2.26289
2.27456
2.63523
2.33252
2.27662
2.30009
2.27292
2.25728
2.27964
2.22572
2.07004
2.14657
2.23093
2.27362
2.28427
2.30826
2.30294
2.30733
2.26645
2.24316
2.34032
2.24596
2.282
2.25726
2.26639
1.91797
2.0937
1.92588
1.95591
1.9992
2.01852
1.96867
2.26036
2.287
2.35276
2.28108
2.25866
2.27174
2.32831
2.18531
2.15561
2.12829
2.4455
2.19815
2.02585
2.14465
2.1969
2.36904
2.43623
2.14923
2.16125
2.41232
2.40937
2.31576
2.31204
2.2968
2.30898
2.2611
2.29883
2.31147
2.27044
2.29391
2.29542
2.30482
2.28113
2.14541
2.48593
2.13318
2.60297
2.2462
2.29801
2.39103
2.43304
2.25586
2.37215
2.33143
2.34601
2.49665
2.3808
2.27347
2.37907
2.20095
2.22199
2.31414
2.24278
2.36376
2.27463
2.12889
2.12871
2.31709
2.66688
2.07749
2.16315
2.18076
2.21329
2.37631
2.22453
2.17913
2.30023
2.1137
2.10937
2.09982
2.13469
2.13835
2.13059
2.14572
2.2426
2.26178
2.20019
2.26248
2.38052
2.16852
1.97109
2.40254
2.19333
2.15548
2.19205
2.17165
2.14684
2.17752
2.1394
1.97586
2.46684
2.191
1.92298
2.22341
2.19406
2.20486
2.19963
2.2037
2.13568
2.18978
2.15739
2.16422
2.52337
2.14437
2.21317
2.19237
2.26788
2.21428
2.20946
2.16783
2.48639
2.20489
2.4637
2.25534
2.06378
2.22262
2.26028
2.21849
2.23271
2.26682
2.22816
2.23535
2.1816
2.24876
2.15283
2.07574
2.45683
2.23466
2.17076
2.4017
2.18584
2.26368
2.44494
2.34659
2.34914
2.31203
2.36114
2.44444
2.31244
2.29074
2.30133
2.28791
2.20169
2.31117
2.18727
2.16031
2.17087
2.16561
2.17759
2.17796
2.26558
2.60737
2.22503
2.19605
2.20039
2.37175
2.53009
2.22336
2.24186
2.21596
2.21198
2.21417
2.25678
2.22049
2.21951
2.23055
2.22379
2.25308
2.22918
2.23659
2.25626
2.22959
2.232
2.21287
2.22766
2.22075
2.20767
2.18691
2.19314
2.19823
2.19047
2.18636
2.23747
2.2544
2.20924
2.19782
2.2607
2.20946
2.48496
2.1039
2.1173
2.13751
2.13592
2.12542
2.09266
2.12119
2.00237
2.00474
1.98116
1.97586
2.15043
2.31638
2.23491
2.25207
2.13172
2.07942
2.45428
2.45389
2.41595
2.41438
2.27095
2.45803
2.38319
2.4676
2.26642
2.16353
2.17765
2.1362
2.1768
2.16476
2.1865
2.24162
2.1432
2.20611
2.1933
2.19672
2.17699
2.18994
2.20096
2.21672
2.20651
2.19835
2.19398
2.12187
2.2563
2.19685
2.23333
2.17635
2.24306
2.21335
2.16431
2.16113
2.11523
2.12866
2.20061
2.21206
2.1916
2.17499
2.19361
2.1697
2.15887
2.22201
2.23198
2.27915
2.23437
2.26733
2.27684
2.26516
2.22911
2.17071
2.21064
2.21197
2.23928
2.19654
2.18017
2.40829
2.27143
2.26373
2.26191
2.21204
2.2566
2.1248
2.10353
2.09038
2.25074
2.51586
2.50823
2.08835
2.59841
2.03334
2.39017
2.40031
2.63849
2.58575
2.61384
2.19856
2.21925
2.21603
2.22968
2.21603
2.23033
2.23155
2.23945
2.23155
2.23033
2.21925
2.21745
2.22593
2.23212
2.25598
2.22102
2.25947
2.25171
2.29327
2.28522
2.17337
2.21608
2.13803
2.17655
2.14178
2.19111
2.15126
2.5581
2.28873
2.06953
2.23302
2.21139
2.3405
2.20796
2.25298
2.11843
2.08958
2.28498
2.27404
2.2635
2.29158
2.26509
2.24836
2.31801
2.33471
2.30527
2.23978
2.23868
2.25876
2.1825
2.21195
2.40011
2.17271
2.14336
2.22634
2.23987
2.38922
2.18956
2.33011
2.1883
2.34859
2.13331
2.11853
2.1292
2.37199
2.36712
2.191
2.29395
2.22754
2.22041
2.23547
2.23327
2.37073
2.31977
2.49155
2.28877
2.3747
2.32992
2.2576
2.27392
2.24746
2.24431
2.23273
2.26605
2.2348
2.22804
2.24088
2.2324
2.20904
2.17942
2.48299
2.28374
2.20682
2.23386
2.25975
2.45791
2.24761
2.49813
2.45449
2.03472
2.33831
2.1254
2.12547
2.13002
2.18352
2.15303
2.16198
2.14621
2.48688
2.14548
2.25891
2.33472
2.11324
2.25337
2.13996
2.22723
2.24959
2.29131
2.2285
2.22805
2.21236
2.20642
2.53132
2.1705
2.20732
2.52537
2.28824
2.27512
2.18276
2.33034
2.18951
2.34326
2.3419
2.23583
2.17638
2.52966
2.46092
2.23174
2.142
2.16286
2.19601
2.23754
2.25318
2.21779
2.23746
2.23556
2.2517
2.33395
2.33185
2.34471
2.33189
2.37794
2.35084
2.08343
2.12515
2.08896
2.01712
2.14969
2.16526
2.23377
2.10019
2.42562
2.17896
2.21559
2.39813
2.39327
2.38573
2.44053
2.37535
2.38235
2.38247
2.43816
2.38433
2.26642
2.25978
2.22432
2.2433
2.25366
2.20636
2.22214
2.15002
2.16314
2.15295
2.15373
2.13418
2.12763
2.03547
2.24976
2.25499
2.26581
2.24013
2.25494
2.24592
2.35442
2.28927
2.32471
2.29649
2.2942
2.26683
2.36468
2.23133
2.29594
2.22193
2.27676
2.24124
2.18275
2.26477
2.25242
2.32778
2.24649
2.26637
2.24317
2.25097
2.25483
2.25568
2.25415
2.1999
2.59642
2.19216
2.12545
2.03908
2.10277
2.36091
2.17937
2.19703
2.29348
2.19714
2.21134
2.19328
2.27645
2.24934
2.2279
2.25354
2.29223
2.23115
2.25816
2.0951
2.14521
2.12286
2.15201
2.18564
2.19633
2.34609
2.34559
2.34107
2.34421
2.32188
2.33789
2.33355
2.32336
2.34247
2.34433
2.32754
2.31946
2.33019
2.23004
2.2213
2.21579
2.20393
2.21295
2.23134
2.16008
2.18451
2.20334
2.18033
2.15582
2.19017
2.14828
2.13473
2.15474
2.1347
2.12384
2.14079
2.13987
2.13303
2.13551
2.67564
2.11679
2.37152
2.16528
2.64748
2.16788
2.20721
2.18512
2.17417
2.16467
2.1765
2.19448
2.21495
2.23095
2.18262
2.22849
2.30915
2.24928
2.50215
2.14238
2.16832
2.1692
2.16382
2.09708
2.17281
2.12275
2.22291
2.14432
2.17241
2.50202
2.50031
2.37097
2.36225
2.26551
2.11808
2.50958
2.45456
2.02771
2.00736
1.9969
2.01675
2.06498
2.00176
2.40076
2.27322
2.39892
2.3315
2.29253
2.2656
2.46798
2.26836
2.20699
2.09198
2.48023
2.19866
2.17738
2.07351
2.16504
2.18132
2.18706
2.18729
2.16714
2.20256
2.21511
2.20704
2.19784
2.18781
2.11636
2.1059
2.10284
2.65177
2.52165
2.06577
2.11422
2.26667
2.27194
2.26877
2.2612
2.47114
2.12069
2.2687
2.10385
2.2339
2.19529
2.20614
2.21278
2.22867
2.2371
2.56477
2.20719
2.2385
2.38034
2.36765
2.3485
2.47957
2.3778
2.2057
2.184
2.18333
2.20894
2.18704
2.19332
2.27813
2.29712
2.29909
2.22719
2.31305
2.29455
2.28287
2.28547
2.26603
2.27592
2.28977
2.28109
2.19995
2.20408
2.14191
2.16621
2.22202
2.18738
2.16911
2.14764
2.18998
2.11532
2.15154
2.12717
2.09861
2.33051
2.13986
2.45933
2.44838
2.29987
2.43747
2.49014
2.39149
2.08285
2.06919
2.09344
2.08556
2.07446
2.14338
2.08551
2.07285
2.07333
1.94994
2.18012
2.13043
2.19336
2.14562
2.10709
2.12444
2.12801
2.13814
2.13149
2.12263
2.14502
2.18661
2.18719
2.22923
2.11044
2.16351
2.57275
2.22395
2.22975
2.21242
2.20571
2.21621
2.21089
2.21132
2.3081
2.17074
2.18229
2.31017
2.2399
2.2693
2.24862
2.25985
2.24091
2.23298
2.21612
2.20159
2.22455
2.21731
2.3595
2.35967
2.35712
2.32523
2.33639
2.34107
2.09572
2.21982
2.09622
2.64041
2.10493
2.05349
2.402
2.21395
2.24707
2.20418
2.17658
2.18941
2.27146
2.20919
2.20142
2.21395
2.23669
2.20905
2.20418
2.17658
2.27552
2.22392
2.21878
2.20919
2.23225
2.21067
2.16106
2.15459
2.20701
2.16534
2.12131
2.15832
2.18012
2.17246
2.19168
2.17672
2.15834
2.1698
2.17056
2.22599
2.1598
2.23647
2.22607
2.19666
2.22488
2.22676
2.25569
2.57748
2.25632
2.45565
2.14988
2.14078
2.23133
2.20795
2.22501
2.27522
2.22445
2.2583
2.41392
2.07445
2.69225
2.55083
2.31185
2.19012
2.41506
2.19725
2.18089
2.13019
2.43943
2.20806
2.21891
2.22593
2.26597
2.20668
2.2188
2.36502
2.25857
2.23119
2.3979
2.28047
2.23353
2.26525
2.24762
2.22228
2.24301
2.23366
2.25176
2.2404
2.2519
2.24599
2.22422
2.31322
2.16045
2.24358
2.25696
2.25694
2.24516
2.2622
2.23685
2.25426
2.25608
2.24341
2.19644
2.32203
2.23995
2.20484
2.2195
2.20613
2.19547
2.24814
2.28152
2.25604
2.3089
2.26375
2.2184
2.24651
2.20902
2.21576
2.17236
2.24102
2.25382
2.15766
2.21794
2.26623
2.20616
2.20515
2.36474
2.32057
2.32131
2.28165
2.13832
2.32984
2.29503
2.65307
2.26553
2.33317
2.32661
2.33686
2.31732
2.33108
2.33715
2.31436
2.33875
2.32272
2.32593
2.39603
2.34792
2.3266
2.34415
2.33226
2.23527
2.22717
2.23873
2.21834
2.23799
2.22591
2.24419
2.20965
2.23938
2.23376
2.2197
2.20662
2.20903
2.24993
2.20945
2.20144
2.23231
2.19303
2.2338
2.27366
2.23158
2.22211
2.23857
2.21012
2.21115
2.22063
2.221
2.22294
2.03456
2.1908
2.40729
2.18153
2.28246
2.19398
2.14004
2.42022
2.17795
2.41956
2.25857
2.24199
2.1899
2.23946
2.22515
2.25647
2.29668
2.3168
2.50761
2.26511
2.19058
2.20134
2.50039
2.46928
2.49513
2.28074
2.22148
2.27394
2.27385
2.24381
2.25153
2.26807
2.24972
2.24323
2.13604
2.17729
2.1732
2.15352
2.18051
2.16942
2.21925
2.14158
2.11664
2.19614
2.36593
2.15722
2.24278
2.24807
2.24106
2.25238
2.27157
2.23937
2.2687
2.24435
2.25483
2.27138
2.29118
2.25611
2.55614
2.5205
2.53095
2.1498
2.25607
2.49052
2.32091
2.31388
2.26186
2.24041
2.23884
2.11995
2.26126
2.44194
2.19479
2.24915
2.14618
2.12878
2.12282
2.13673
2.13924
2.13862
